182
3
1.104 1.3727 -6.0672 -0.0076 -0.4059 -0.9139 0.0326 0.951
1.104 0.2893 -5.6087 -0.0076 -0.4059 -0.9139 0.0326 0.5212
1.0786 0.2589 -5.5957 -0.0076 -0.4059 -0.9139 0.0445 0.5091
3
1.0786 0.2589 -5.5957 -0.0076 -0.4059 -0.9139 0.0445 0.5091
0.4259 0.2599 -5.5935 -0.0076 -0.4059 -0.9139 0.3331 0.5091
0.4259 1.4043 -6.0778 -0.0076 -0.4059 -0.9139 0.3331 0.963
3
1.104 1.3727 -6.0672 -0.0076 -0.4059 -0.9139 0.0326 0.951
1.0786 0.2589 -5.5957 -0.0076 -0.4059 -0.9139 0.0445 0.5091
0.4259 1.4043 -6.0778 -0.0076 -0.4059 -0.9139 0.3331 0.963
3
1.0786 1.4032 -6.08 -0.0076 -0.4059 -0.9139 0.0425 0.963
1.104 1.3727 -6.0672 -0.0076 -0.4059 -0.9139 0.0326 0.951
0.4259 1.4043 -6.0778 -0.0076 -0.4059 -0.9139 0.3331 0.963
3
1.1052 1.4118 -5.9951 0.0082 -0.4059 -0.9139 0.0314 0.4538
1.1052 0.3219 -5.5338 0.0082 -0.4059 -0.9139 0.0314 0.0316
1.077 0.2944 -5.5223 0.0082 -0.4059 -0.9139 0.0425 0.0165
3
1.077 0.2944 -5.5223 0.0082 -0.4059 -0.9139 0.0425 0.0165
0.4712 0.2934 -5.5245 0.0082 -0.4059 -0.9139 0.3344 0.0165
0.4712 1.4381 -6.0089 0.0082 -0.4059 -0.9139 0.3344 0.4711
3
1.1052 1.4118 -5.9951 0.0082 -0.4059 -0.9139 0.0314 0.4538
1.077 0.2944 -5.5223 0.0082 -0.4059 -0.9139 0.0425 0.0165
0.4712 1.4381 -6.0089 0.0082 -0.4059 -0.9139 0.3344 0.4711
3
1.077 1.4391 -6.0068 0.0082 -0.4059 -0.9139 0.0423 0.4711
1.1052 1.4118 -5.9951 0.0082 -0.4059 -0.9139 0.0314 0.4538
0.4712 1.4381 -6.0089 0.0082 -0.4059 -0.9139 0.3344 0.4711
3
0.443 0.2837 -5.5444 0.9738 -0.1984 -0.1112 0.3629 0.0165
0.443 0.2728 -5.5666 0.9743 -0.0589 0.2173 0.3895 0.0165
0.443 1.4175 -6.051 0.9743 0.2007 0.102 0.3895 0.4711
3
0.443 1.4175 -6.051 0.9743 0.2007 0.102 0.3895 0.4711
0.443 1.4284 -6.0289 0.9738 0.0505 -0.2218 0.3629 0.4711
0.443 0.2837 -5.5444 0.9738 -0.1984 -0.1112 0.3629 0.0165
3
0.4723 1.4494 -6.0122 -0.0162 0.9972 -0.0724 0.4216 0.979
0.4372 1.4479 -6.0079 -0.0598 0.9638 -0.2598 0.4216 0.9705
1.0864 1.4483 -6.002 0.4121 0.8336 -0.3678 0.7179 0.9705
3
1.0864 1.4483 -6.002 0.4121 0.8336 -0.3678 0.7179 0.9705
1.0871 1.4453 -6.0069 0.4357 0.8176 -0.3764 0.7242 0.979
0.4723 1.4494 -6.0122 -0.0162 0.9972 -0.0724 0.4216 0.979
3
0.4022 1.4244 -6.056 -0.0817 0.9045 -0.4186 0.3629 0.9705
0.4022 1.4371 -6.03 -0.0812 0.9172 -0.3902 0.3918 0.9705
0.4398 1.439 -6.0333 0.5087 0.7468 -0.4284 0.3918 0.979
3
0.4398 1.439 -6.0333 0.5087 0.7468 -0.4284 0.3918 0.979
0.4398 1.4282 -6.0556 -0.0831 0.9028 -0.4221 0.3629 0.979
0.4022 1.4244 -6.056 -0.0817 0.9045 -0.4186 0.3629 0.9705
3
0.3971 0.2851 -5.5419 -0.9884 0.0617 0.1389 0.3917 0.5091
0.4117 0.2949 -5.5217 -0.9538 0.1219 0.2746 0.413 0.5091
0.4117 1.4393 -6.006 -0.9538 0.1219 0.2746 0.413 0.963
3
0.4117 1.4393 -6.006 -0.9538 0.1219 0.2746 0.413 0.963
0.3971 1.4294 -6.0262 -0.9884 0.0617 0.1389 0.3917 0.963
0.3971 0.2851 -5.5419 -0.9884 0.0617 0.1389 0.3917 0.5091
3
0.443 0.2728 -5.5666 0.9743 -0.0589 0.2173 0.3895 0.0165
0.4567 0.2652 -5.5822 0.8037 0.0242 0.5945 0.4096 0.0165
0.4567 1.4099 -6.0666 0.8037 0.4248 0.4166 0.4098 0.4711
3
0.4567 1.4099 -6.0666 0.8037 0.4248 0.4166 0.4098 0.4711
0.443 1.4175 -6.051 0.9743 0.2007 0.102 0.3895 0.4711
0.443 0.2728 -5.5666 0.9743 -0.0589 0.2173 0.3895 0.0165
3
0.4022 1.4244 -6.056 -0.0817 0.9045 -0.4186 0.3629 0.9705
0.4398 1.4282 -6.0556 -0.0831 0.9028 -0.4221 0.3629 0.979
0.4526 1.4199 -6.0717 0.3306 0.9343 -0.1335 0.3417 0.979
3
0.4526 1.4199 -6.0717 0.3306 0.9343 -0.1335 0.3417 0.979
0.417 1.4157 -6.0738 -0.0695 0.8895 -0.4517 0.3417 0.9705
0.4022 1.4244 -6.056 -0.0817 0.9045 -0.4186 0.3629 0.9705
3
0.4542 1.4467 -6.017 -0.0677 0.9349 -0.3485 0.4129 0.979
0.4398 1.439 -6.0333 0.5087 0.7468 -0.4284 0.3918 0.979
0.4022 1.4371 -6.03 -0.0812 0.9172 -0.3902 0.3918 0.9705
3
0.4022 1.4371 -6.03 -0.0812 0.9172 -0.3902 0.3918 0.9705
0.4169 1.4457 -6.0123 -0.0709 0.931 -0.3581 0.4129 0.9705
0.4542 1.4467 -6.017 -0.0677 0.9349 -0.3485 0.4129 0.979
3
0.4712 1.4381 -6.0089 0.3069 -0.1817 -0.9342 0.4216 0.9871
0.4723 1.4494 -6.0122 0.2476 -0.1953 -0.949 0.4216 0.979
1.0871 1.4453 -6.0069 0.219 -0.0369 -0.975 0.7242 0.979
3
1.0871 1.4453 -6.0069 0.219 -0.0369 -0.975 0.7242 0.979
1.077 1.4391 -6.0068 0.1035 0.1209 -0.9873 0.7298 0.9871
0.4712 1.4381 -6.0089 0.3069 -0.1817 -0.9342 0.4216 0.9871
3
0.4566 1.436 -6.0133 0.8301 -0.0628 -0.5541 0.4129 0.9871
0.443 1.4284 -6.0289 0.9738 0.0505 -0.2218 0.3918 0.9871
0.4398 1.439 -6.0333 0.5087 0.7468 -0.4284 0.3918 0.979
3
0.4398 1.439 -6.0333 0.5087 0.7468 -0.4284 0.3918 0.979
0.4542 1.4467 -6.017 0.759 -0.035 -0.6502 0.4129 0.979
0.4566 1.436 -6.0133 0.8301 -0.0628 -0.5541 0.4129 0.9871
3
1.0839 1.4093 -6.0806 0.2046 -0.0151 -0.9787 0.0389 0.9705
1.0786 1.4032 -6.08 0.1494 0.0391 -0.988 0.0425 0.963
0.4259 1.4043 -6.0778 -0.2342 0.4134 -0.8799 0.3331 0.963
3
0.4259 1.4043 -6.0778 -0.2342 0.4134 -0.8799 0.3331 0.963
0.4376 1.4135 -6.0783 -0.0899 0.327 -0.9407 0.3331 0.9705
1.0839 1.4093 -6.0806 0.2046 -0.0151 -0.9787 0.0389 0.9705
3
0.4169 1.4457 -6.0123 -0.5734 0.809 0.1295 0.4129 0.9705
0.4022 1.4371 -6.03 -0.8456 0.5287 -0.0734 0.3918 0.9705
0.3971 1.4294 -6.0262 -0.8391 0.5382 -0.0783 0.3917 0.963
3
0.3971 1.4294 -6.0262 -0.8391 0.5382 -0.0783 0.3917 0.963
0.4117 1.4393 -6.006 -0.5238 0.844 0.1152 0.413 0.963
0.4169 1.4457 -6.0123 -0.5734 0.809 0.1295 0.4129 0.9705
3
0.443 1.4284 -6.0289 0.9738 0.0505 -0.2218 0.3918 0.9871
0.443 1.4175 -6.051 0.9743 0.2007 0.102 0.3629 0.9871
0.4398 1.4282 -6.0556 0.9515 0.306 0.0322 0.3629 0.979
3
0.4398 1.4282 -6.0556 0.9515 0.306 0.0322 0.3629 0.979
0.4398 1.439 -6.0333 0.5087 0.7468 -0.4284 0.3918 0.979
0.443 1.4284 -6.0289 0.9738 0.0505 -0.2218 0.3918 0.9871
3
0.443 1.4175 -6.051 0.9743 0.2007 0.102 0.3629 0.9871
0.4567 1.4099 -6.0666 0.8037 0.4248 0.4166 0.3417 0.9871
0.4526 1.4199 -6.0717 0.3306 0.9343 -0.1335 0.3417 0.979
3
0.4526 1.4199 -6.0717 0.3306 0.9343 -0.1335 0.3417 0.979
0.4398 1.4282 -6.0556 0.9515 0.306 0.0322 0.3629 0.979
0.443 1.4175 -6.051 0.9743 0.2007 0.102 0.3629 0.9871
3
0.4022 1.4371 -6.03 -0.8456 0.5287 -0.0734 0.3918 0.9705
0.4022 1.4244 -6.056 -0.8426 0.4248 -0.331 0.3629 0.9705
0.3971 1.4163 -6.0531 -0.8484 0.4148 -0.3289 0.363 0.963
3
0.3971 1.4163 -6.0531 -0.8484 0.4148 -0.3289 0.363 0.963
0.3971 1.4294 -6.0262 -0.8391 0.5382 -0.0783 0.3917 0.963
0.4022 1.4371 -6.03 -0.8456 0.5287 -0.0734 0.3918 0.9705
3
0.4022 1.4244 -6.056 -0.8426 0.4248 -0.331 0.3629 0.9705
0.417 1.4157 -6.0738 -0.5633 0.4796 -0.6728 0.3417 0.9705
0.4117 1.4064 -6.0734 -0.5703 0.4409 -0.6931 0.3416 0.963
3
0.4117 1.4064 -6.0734 -0.5703 0.4409 -0.6931 0.3416 0.963
0.3971 1.4163 -6.0531 -0.8484 0.4148 -0.3289 0.363 0.963
0.4022 1.4244 -6.056 -0.8426 0.4248 -0.331 0.3629 0.9705
3
0.4726 1.4178 -6.0769 -0.0158 0.6774 -0.7355 0.3331 0.979
1.0863 1.413 -6.0776 0.4228 0.6305 -0.6509 0.0343 0.979
1.0839 1.4093 -6.0806 0.3691 0.6749 -0.639 0.0389 0.9705
3
1.0839 1.4093 -6.0806 0.3691 0.6749 -0.639 0.0389 0.9705
0.4376 1.4135 -6.0783 -0.0569 0.8478 -0.5273 0.3331 0.9705
0.4726 1.4178 -6.0769 -0.0158 0.6774 -0.7355 0.3331 0.979
3
0.4712 1.4078 -6.071 0.3287 0.5655 0.7564 0.3331 0.9871
1.0733 1.4068 -6.0731 0.0653 0.6856 0.7251 0.0303 0.9871
1.0863 1.413 -6.0776 0.1347 0.5926 0.7941 0.0343 0.979
3
1.0863 1.413 -6.0776 0.1347 0.5926 0.7941 0.0343 0.979
0.4726 1.4178 -6.0769 0.2445 0.6059 0.7571 0.3331 0.979
0.4712 1.4078 -6.071 0.3287 0.5655 0.7564 0.3331 0.9871
3
0.4259 1.4415 -6.0016 -0.2489 0.9463 0.2062 0.4217 0.963
1.0801 1.4437 -5.9969 -0.0118 0.9214 0.3884 0.7117 0.963
1.0864 1.4483 -6.002 -0.0118 0.9209 0.3896 0.7179 0.9705
3
1.0864 1.4483 -6.002 -0.0118 0.9209 0.3896 0.7179 0.9705
0.4372 1.4479 -6.0079 -0.1161 0.9196 0.3753 0.4216 0.9705
0.4259 1.4415 -6.0016 -0.2489 0.9463 0.2062 0.4217 0.963
3
1.0801 1.4437 -5.9969 -0.0162 0.4058 0.9138 0.7117 0.963
0.4259 1.4415 -6.0016 -0.0162 0.4058 0.9138 0.4217 0.963
0.4259 0.2971 -5.5173 -0.0162 0.4058 0.9138 0.4217 0.5091
3
0.4259 0.2971 -5.5173 -0.0162 0.4058 0.9138 0.4217 0.5091
1.0801 0.2994 -5.5126 -0.0162 0.4058 0.9138 0.714 0.5091
1.104 0.3279 -5.5245 -0.0162 0.4058 0.9138 0.7229 0.5207
3
1.0801 1.4437 -5.9969 -0.0162 0.4058 0.9138 0.7117 0.963
0.4259 0.2971 -5.5173 -0.0162 0.4058 0.9138 0.4217 0.5091
1.104 0.3279 -5.5245 -0.0162 0.4058 0.9138 0.7229 0.5207
3
1.104 1.4153 -5.9847 -0.0162 0.4058 0.9138 0.7229 0.952
1.0801 1.4437 -5.9969 -0.0162 0.4058 0.9138 0.7117 0.963
1.104 0.3279 -5.5245 -0.0162 0.4058 0.9138 0.7229 0.5207
3
0.3971 1.4294 -6.0262 -0.9884 0.0617 0.1389 0.3917 0.963
0.3971 1.4163 -6.0531 -0.9884 -0.0617 -0.1389 0.363 0.963
0.3971 0.272 -5.5689 -0.9884 -0.0617 -0.1389 0.363 0.5091
3
0.3971 0.272 -5.5689 -0.9884 -0.0617 -0.1389 0.363 0.5091
0.3971 0.2851 -5.5419 -0.9884 0.0617 0.1389 0.3917 0.5091
0.3971 1.4294 -6.0262 -0.9884 0.0617 0.1389 0.3917 0.963
3
1.0733 1.4068 -6.0731 0.0081 0.4059 0.9139 0.7091 0.4711
0.4712 1.4078 -6.071 0.0081 0.4059 0.9139 0.4185 0.4711
0.4712 0.2631 -5.5865 0.0081 0.4059 0.9139 0.4185 0.0165
3
0.4712 0.2631 -5.5865 0.0081 0.4059 0.9139 0.4185 0.0165
1.0733 0.2621 -5.5887 0.0081 0.4059 0.9139 0.7091 0.0165
1.1052 0.2906 -5.6009 0.0081 0.4059 0.9139 0.7203 0.0316
3
1.0733 1.4068 -6.0731 0.0081 0.4059 0.9139 0.7091 0.4711
0.4712 0.2631 -5.5865 0.0081 0.4059 0.9139 0.4185 0.0165
1.1052 0.2906 -5.6009 0.0081 0.4059 0.9139 0.7203 0.0316
3
1.1052 1.3781 -6.0611 0.0081 0.4059 0.9139 0.7203 0.4538
1.0733 1.4068 -6.0731 0.0081 0.4059 0.9139 0.7091 0.4711
1.1052 0.2906 -5.6009 0.0081 0.4059 0.9139 0.7203 0.0316
3
0.3971 1.4163 -6.0531 -0.9884 -0.0617 -0.1389 0.363 0.963
0.4117 1.4064 -6.0734 -0.9538 -0.122 -0.2746 0.3416 0.963
0.4117 0.2621 -5.5891 -0.9538 -0.122 -0.2746 0.3416 0.5091
3
0.4117 0.2621 -5.5891 -0.9538 -0.122 -0.2746 0.3416 0.5091
0.3971 0.272 -5.5689 -0.9884 -0.0617 -0.1389 0.363 0.5091
0.3971 1.4163 -6.0531 -0.9884 -0.0617 -0.1389 0.363 0.963
3
0.443 1.4284 -6.0289 0.9738 0.0505 -0.2218 0.3629 0.4711
0.4566 1.436 -6.0133 0.8301 -0.0628 -0.5541 0.3429 0.4711
0.4566 0.2913 -5.5288 0.8301 -0.369 -0.4181 0.3429 0.0165
3
0.4566 0.2913 -5.5288 0.8301 -0.369 -0.4181 0.3429 0.0165
0.443 0.2837 -5.5444 0.9738 -0.1984 -0.1112 0.3629 0.0165
0.443 1.4284 -6.0289 0.9738 0.0505 -0.2218 0.3629 0.4711
3
1.1052 1.4118 -5.9951 0.5177 -0.2452 -0.8197 0.7402 0.9632
1.1111 1.4197 -5.996 0.4352 -0.1735 -0.8835 0.7345 0.9596
1.1111 0.316 -5.5289 0.4197 -0.545 -0.7258 0.7345 0.5175
3
1.1111 0.316 -5.5289 0.4197 -0.545 -0.7258 0.7345 0.5175
1.1052 0.3219 -5.5338 0.5169 -0.4509 -0.7276 0.7402 0.5195
1.1052 1.4118 -5.9951 0.5177 -0.2452 -0.8197 0.7402 0.9632
3
1.1052 1.3781 -6.0611 0.3219 0.448 0.8341 0.0121 0.9599
1.1052 0.2906 -5.6009 0.3225 0.322 0.8901 0.0121 0.5142
1.1133 0.2806 -5.5985 0.2588 0.2733 0.9265 0.0198 0.5172
3
1.1133 0.2806 -5.5985 0.2588 0.2733 0.9265 0.0198 0.5172
1.1133 1.3866 -6.0666 0.2508 0.5058 0.8254 0.0198 0.9576
1.1052 1.3781 -6.0611 0.3219 0.448 0.8341 0.0121 0.9599
3
0.4526 1.4199 -6.0717 0.3306 0.9343 -0.1335 0.3417 0.979
0.4726 1.4178 -6.0769 -0.0158 0.6774 -0.7355 0.3331 0.979
0.4376 1.4135 -6.0783 -0.0569 0.8478 -0.5273 0.3331 0.9705
3
0.4376 1.4135 -6.0783 -0.0569 0.8478 -0.5273 0.3331 0.9705
0.417 1.4157 -6.0738 -0.0695 0.8895 -0.4517 0.3417 0.9705
0.4526 1.4199 -6.0717 0.3306 0.9343 -0.1335 0.3417 0.979
3
0.4567 1.4099 -6.0666 0.8037 0.4248 0.4166 0.3417 0.9871
0.4712 1.4078 -6.071 0.3287 0.5655 0.7564 0.3331 0.9871
0.4726 1.4178 -6.0769 0.2445 0.6059 0.7571 0.3331 0.979
3
0.4726 1.4178 -6.0769 0.2445 0.6059 0.7571 0.3331 0.979
0.4526 1.4199 -6.0717 0.3306 0.9343 -0.1335 0.3417 0.979
0.4567 1.4099 -6.0666 0.8037 0.4248 0.4166 0.3417 0.9871
3
0.4117 1.4393 -6.006 -0.5238 0.844 0.1152 0.413 0.963
0.4259 1.4415 -6.0016 -0.2489 0.9463 0.2062 0.4217 0.963
0.4372 1.4479 -6.0079 -0.1161 0.9196 0.3753 0.4216 0.9705
3
0.4372 1.4479 -6.0079 -0.1161 0.9196 0.3753 0.4216 0.9705
0.4169 1.4457 -6.0123 -0.5734 0.809 0.1295 0.4129 0.9705
0.4117 1.4393 -6.006 -0.5238 0.844 0.1152 0.413 0.963
3
0.4259 1.4415 -6.0016 -0.583 0.3298 0.7425 0.4217 0.963
0.4117 1.4393 -6.006 -0.583 0.3298 0.7425 0.413 0.963
0.4117 0.2949 -5.5217 -0.583 0.3298 0.7425 0.413 0.5091
3
0.4117 0.2949 -5.5217 -0.583 0.3298 0.7425 0.413 0.5091
0.4259 0.2971 -5.5173 -0.583 0.3298 0.7425 0.4217 0.5091
0.4259 1.4415 -6.0016 -0.583 0.3298 0.7425 0.4217 0.963
3
0.4712 1.4078 -6.071 0.5635 0.3353 0.755 0.4185 0.4711
0.4567 1.4099 -6.0666 0.5635 0.3353 0.755 0.4098 0.4711
0.4567 0.2652 -5.5822 0.5635 0.3353 0.755 0.4096 0.0165
3
0.4567 0.2652 -5.5822 0.5635 0.3353 0.755 0.4096 0.0165
0.4712 0.2631 -5.5865 0.5635 0.3353 0.755 0.4185 0.0165
0.4712 1.4078 -6.071 0.5635 0.3353 0.755 0.4185 0.4711
3
0.4723 1.4494 -6.0122 -0.0162 0.9972 -0.0724 0.4216 0.979
0.4542 1.4467 -6.017 -0.0677 0.9349 -0.3485 0.4129 0.979
0.4169 1.4457 -6.0123 -0.0709 0.931 -0.3581 0.4129 0.9705
3
0.4169 1.4457 -6.0123 -0.0709 0.931 -0.3581 0.4129 0.9705
0.4372 1.4479 -6.0079 -0.0598 0.9638 -0.2598 0.4216 0.9705
0.4723 1.4494 -6.0122 -0.0162 0.9972 -0.0724 0.4216 0.979
3
0.4712 1.4381 -6.0089 0.3069 -0.1817 -0.9342 0.4216 0.9871
0.4566 1.436 -6.0133 0.8301 -0.0628 -0.5541 0.4129 0.9871
0.4542 1.4467 -6.017 0.759 -0.035 -0.6502 0.4129 0.979
3
0.4542 1.4467 -6.017 0.759 -0.035 -0.6502 0.4129 0.979
0.4723 1.4494 -6.0122 0.2476 -0.1953 -0.949 0.4216 0.979
0.4712 1.4381 -6.0089 0.3069 -0.1817 -0.9342 0.4216 0.9871
3
0.4259 1.4043 -6.0778 -0.2342 0.4134 -0.8799 0.3331 0.963
0.4117 1.4064 -6.0734 -0.5703 0.4409 -0.6931 0.3416 0.963
0.417 1.4157 -6.0738 -0.5633 0.4796 -0.6728 0.3417 0.9705
3
0.417 1.4157 -6.0738 -0.5633 0.4796 -0.6728 0.3417 0.9705
0.4376 1.4135 -6.0783 -0.0899 0.327 -0.9407 0.3331 0.9705
0.4259 1.4043 -6.0778 -0.2342 0.4134 -0.8799 0.3331 0.963
3
0.4259 0.2599 -5.5935 -0.5808 -0.3304 -0.744 0.3331 0.5091
0.4117 0.2621 -5.5891 -0.5808 -0.3304 -0.744 0.3416 0.5091
0.4117 1.4064 -6.0734 -0.5808 -0.3304 -0.744 0.3416 0.963
3
0.4117 1.4064 -6.0734 -0.5808 -0.3304 -0.744 0.3416 0.963
0.4259 1.4043 -6.0778 -0.5808 -0.3304 -0.744 0.3331 0.963
0.4259 0.2599 -5.5935 -0.5808 -0.3304 -0.744 0.3331 0.5091
3
0.4712 0.2934 -5.5245 0.5643 -0.3351 -0.7545 0.3344 0.0165
0.4566 0.2913 -5.5288 0.5643 -0.3351 -0.7545 0.3429 0.0165
0.4566 1.436 -6.0133 0.5643 -0.3351 -0.7545 0.3429 0.4711
3
0.4566 1.436 -6.0133 0.5643 -0.3351 -0.7545 0.3429 0.4711
0.4712 1.4381 -6.0089 0.5643 -0.3351 -0.7545 0.3344 0.4711
0.4712 0.2934 -5.5245 0.5643 -0.3351 -0.7545 0.3344 0.0165
3
0.4723 0.2833 -5.5187 -0.0162 -0.7224 0.6913 0.4218 0.4933
1.0871 0.2902 -5.5181 0.4513 -0.8141 0.3655 0.7227 0.4933
1.0864 0.2923 -5.5127 0.427 -0.8307 0.3572 0.7192 0.5007
3
1.0864 0.2923 -5.5127 0.427 -0.8307 0.3572 0.7192 0.5007
0.4372 0.2878 -5.5169 -0.0598 -0.839 0.5408 0.4218 0.5007
0.4723 0.2833 -5.5187 -0.0162 -0.7224 0.6913 0.4218 0.4933
3
0.4022 0.2643 -5.5651 -0.0817 -0.917 0.3903 0.363 0.5007
0.4398 0.2622 -5.5621 -0.0831 -0.9184 0.3867 0.363 0.4933
0.4398 0.273 -5.5398 0.5087 -0.8186 0.2668 0.3916 0.4933
3
0.4398 0.273 -5.5398 0.5087 -0.8186 0.2668 0.3916 0.4933
0.4022 0.277 -5.5391 -0.0812 -0.9045 0.4188 0.3916 0.5007
0.4022 0.2643 -5.5651 -0.0817 -0.917 0.3903 0.363 0.5007
3
1.1133 0.2806 -5.5985 0.7881 -0.4967 -0.3636 0.0198 0.5172
1.1082 0.2813 -5.6034 0.7928 -0.4672 -0.3913 0.0267 0.5197
1.1082 1.3822 -6.0693 0.7917 0.051 -0.6088 0.0267 0.9545
3
1.1082 1.3822 -6.0693 0.7917 0.051 -0.6088 0.0267 0.9545
1.1133 1.3866 -6.0666 0.7705 0.0694 -0.6336 0.0198 0.9576
1.1133 0.2806 -5.5985 0.7881 -0.4967 -0.3636 0.0198 0.5172
3
0.4022 0.2643 -5.5651 -0.0817 -0.917 0.3903 0.363 0.5007
0.417 0.2556 -5.5829 -0.0695 -0.9315 0.357 0.3417 0.5007
0.4526 0.2545 -5.5785 0.3306 -0.7255 0.6036 0.3417 0.4933
3
0.4526 0.2545 -5.5785 0.3306 -0.7255 0.6036 0.3417 0.4933
0.4398 0.2622 -5.5621 -0.0831 -0.9184 0.3867 0.363 0.4933
0.4022 0.2643 -5.5651 -0.0817 -0.917 0.3903 0.363 0.5007
3
0.4542 0.2812 -5.5237 -0.0677 -0.8854 0.4599 0.4128 0.4933
0.4169 0.2856 -5.5214 -0.0709 -0.89 0.4505 0.4128 0.5007
0.4022 0.277 -5.5391 -0.0812 -0.9045 0.4188 0.3916 0.5007
3
0.4022 0.277 -5.5391 -0.0812 -0.9045 0.4188 0.3916 0.5007
0.4398 0.273 -5.5398 0.5087 -0.8186 0.2668 0.3916 0.4933
0.4542 0.2812 -5.5237 -0.0677 -0.8854 0.4599 0.4128 0.4933
3
0.4712 0.2934 -5.5245 0.3069 -0.5712 -0.7613 0.4218 0.4843
1.077 0.2944 -5.5223 0.1097 -0.8124 -0.5726 0.7263 0.4843
1.0871 0.2902 -5.5181 0.2199 -0.6868 -0.6928 0.7227 0.4933
3
1.0871 0.2902 -5.5181 0.2199 -0.6868 -0.6928 0.7227 0.4933
0.4723 0.2833 -5.5187 0.2476 -0.573 -0.7812 0.4218 0.4933
0.4712 0.2934 -5.5245 0.3069 -0.5712 -0.7613 0.4218 0.4843
3
0.4566 0.2913 -5.5288 0.8301 -0.369 -0.4181 0.4128 0.4843
0.4542 0.2812 -5.5237 0.759 -0.4589 -0.462 0.4128 0.4933
0.4398 0.273 -5.5398 0.5087 -0.8186 0.2668 0.3916 0.4933
3
0.4398 0.273 -5.5398 0.5087 -0.8186 0.2668 0.3916 0.4933
0.443 0.2837 -5.5444 0.9738 -0.1984 -0.1112 0.3916 0.4843
0.4566 0.2913 -5.5288 0.8301 -0.369 -0.4181 0.4128 0.4843
3
1.0839 0.2544 -5.5918 0.2025 -0.7243 -0.6591 0.0407 0.5007
0.4376 0.2534 -5.5873 -0.0899 -0.9172 -0.3882 0.3332 0.5007
0.4259 0.2599 -5.5935 -0.2343 -0.93 -0.2834 0.3331 0.5091
3
0.4259 0.2599 -5.5935 -0.2343 -0.93 -0.2834 0.3331 0.5091
1.0786 0.2589 -5.5957 0.1403 -0.7609 -0.6336 0.0445 0.5091
1.0839 0.2544 -5.5918 0.2025 -0.7243 -0.6591 0.0407 0.5007
3
0.4169 0.2856 -5.5214 -0.5734 -0.4464 0.687 0.4128 0.5007
0.4117 0.2949 -5.5217 -0.5238 -0.4805 0.7034 0.413 0.5091
0.3971 0.2851 -5.5419 -0.8391 -0.419 0.3468 0.3917 0.5091
3
0.3971 0.2851 -5.5419 -0.8391 -0.419 0.3468 0.3917 0.5091
0.4022 0.277 -5.5391 -0.8456 -0.409 0.343 0.3916 0.5007
0.4169 0.2856 -5.5214 -0.5734 -0.4464 0.687 0.4128 0.5007
3
0.443 0.2837 -5.5444 0.9738 -0.1984 -0.1112 0.3916 0.4843
0.4398 0.273 -5.5398 0.5087 -0.8186 0.2668 0.3916 0.4933
0.4398 0.2622 -5.5621 0.9515 -0.1813 0.2486 0.363 0.4933
3
0.4398 0.2622 -5.5621 0.9515 -0.1813 0.2486 0.363 0.4933
0.443 0.2728 -5.5666 0.9743 -0.0589 0.2173 0.363 0.4843
0.443 0.2837 -5.5444 0.9738 -0.1984 -0.1112 0.3916 0.4843
3
0.443 0.2728 -5.5666 0.9743 -0.0589 0.2173 0.363 0.4843
0.4398 0.2622 -5.5621 0.9515 -0.1813 0.2486 0.363 0.4933
0.4526 0.2545 -5.5785 0.3306 -0.7255 0.6036 0.3417 0.4933
3
0.4526 0.2545 -5.5785 0.3306 -0.7255 0.6036 0.3417 0.4933
0.4567 0.2652 -5.5822 0.8037 0.0242 0.5945 0.3417 0.4843
0.443 0.2728 -5.5666 0.9743 -0.0589 0.2173 0.363 0.4843
3
0.4022 0.277 -5.5391 -0.8456 -0.409 0.343 0.3916 0.5007
0.3971 0.2851 -5.5419 -0.8391 -0.419 0.3468 0.3917 0.5091
0.3971 0.272 -5.5689 -0.8484 -0.5221 0.0872 0.363 0.5091
3
0.3971 0.272 -5.5689 -0.8484 -0.5221 0.0872 0.363 0.5091
0.4022 0.2643 -5.5651 -0.8426 -0.5304 0.0932 0.363 0.5007
0.4022 0.277 -5.5391 -0.8456 -0.409 0.343 0.3916 0.5007
3
0.4022 0.2643 -5.5651 -0.8426 -0.5304 0.0932 0.363 0.5007
0.3971 0.272 -5.5689 -0.8484 -0.5221 0.0872 0.363 0.5091
0.4117 0.2621 -5.5891 -0.5703 -0.8098 -0.1376 0.3416 0.5091
3
0.4117 0.2621 -5.5891 -0.5703 -0.8098 -0.1376 0.3416 0.5091
0.417 0.2556 -5.5829 -0.5633 -0.8207 -0.0953 0.3417 0.5007
0.4022 0.2643 -5.5651 -0.8426 -0.5304 0.0932 0.363 0.5007
3
0.4726 0.2518 -5.5834 -0.0158 -0.9998 0.0094 0.3332 0.4933
0.4376 0.2534 -5.5873 -0.0569 -0.9596 0.2754 0.3332 0.5007
1.0839 0.2544 -5.5918 0.3435 -0.9371 0.0617 0.0407 0.5007
3
1.0839 0.2544 -5.5918 0.3435 -0.9371 0.0617 0.0407 0.5007
1.0863 0.2543 -5.5873 0.4045 -0.9125 0.0607 0.0374 0.4933
0.4726 0.2518 -5.5834 -0.0158 -0.9998 0.0094 0.3332 0.4933
3
0.4712 0.2631 -5.5865 0.3287 0.182 0.9267 0.3332 0.4843
0.4726 0.2518 -5.5834 0.2445 0.1554 0.9571 0.3332 0.4933
1.0863 0.2543 -5.5873 0.1344 0.1835 0.9738 0.0374 0.4933
3
1.0863 0.2543 -5.5873 0.1344 0.1835 0.9738 0.0374 0.4933
1.0733 0.2621 -5.5887 0.0624 0.0777 0.995 0.033 0.4843
0.4712 0.2631 -5.5865 0.3287 0.182 0.9267 0.3332 0.4843
3
0.4259 0.2971 -5.5173 -0.2489 -0.4816 0.8403 0.4217 0.5091
0.4372 0.2878 -5.5169 -0.1161 -0.3382 0.9339 0.4218 0.5007
1.0864 0.2923 -5.5127 0.2639 -0.1177 0.9573 0.7192 0.5007
3
1.0864 0.2923 -5.5127 0.2639 -0.1177 0.9573 0.7192 0.5007
1.0801 0.2994 -5.5126 0.1881 -0.1828 0.965 0.714 0.5091
0.4259 0.2971 -5.5173 -0.2489 -0.4816 0.8403 0.4217 0.5091
3
1.104 1.3727 -6.0672 0.5535 -0.2698 -0.7879 0.0326 0.951
1.1082 1.3822 -6.0693 0.3573 -0.1983 -0.9127 0.0267 0.9545
1.1082 0.2813 -5.6034 0.3735 -0.5399 -0.7543 0.0267 0.5197
3
1.1082 0.2813 -5.6034 0.3735 -0.5399 -0.7543 0.0267 0.5197
1.104 0.2893 -5.6087 0.5541 -0.3996 -0.7303 0.0326 0.5212
1.104 1.3727 -6.0672 0.5535 -0.2698 -0.7879 0.0326 0.951
3
1.1111 1.4197 -5.996 0.9339 0.3564 0.0277 0.7345 0.9596
1.1087 1.4224 -5.9908 0.9235 0.3826 0.0284 0.7286 0.9572
1.1087 0.3184 -5.5236 0.9196 -0.2577 0.2966 0.7286 0.5174
3
1.1087 0.3184 -5.5236 0.9196 -0.2577 0.2966 0.7286 0.5174
1.1111 0.316 -5.5289 0.927 -0.2258 0.2994 0.7345 0.5175
1.1111 1.4197 -5.996 0.9339 0.3564 0.0277 0.7345 0.9596
3
1.104 1.4153 -5.9847 0.7788 0.2546 0.5733 0.7229 0.952
1.104 0.3279 -5.5245 0.6817 0.1886 0.7069 0.7229 0.5207
1.1087 0.3184 -5.5236 0.5228 0.0974 0.8469 0.7286 0.5174
3
1.1087 0.3184 -5.5236 0.5228 0.0974 0.8469 0.7286 0.5174
1.1087 1.4224 -5.9908 0.7788 0.2546 0.5733 0.7286 0.9572
1.104 1.4153 -5.9847 0.7788 0.2546 0.5733 0.7229 0.952
3
0.4526 0.2545 -5.5785 0.3306 -0.7255 0.6036 0.3417 0.4933
0.417 0.2556 -5.5829 -0.0695 -0.9315 0.357 0.3417 0.5007
0.4376 0.2534 -5.5873 -0.0569 -0.9596 0.2754 0.3332 0.5007
3
0.4376 0.2534 -5.5873 -0.0569 -0.9596 0.2754 0.3332 0.5007
0.4726 0.2518 -5.5834 -0.0158 -0.9998 0.0094 0.3332 0.4933
0.4526 0.2545 -5.5785 0.3306 -0.7255 0.6036 0.3417 0.4933
3
0.4567 0.2652 -5.5822 0.8037 0.0242 0.5945 0.3417 0.4843
0.4526 0.2545 -5.5785 0.3306 -0.7255 0.6036 0.3417 0.4933
0.4726 0.2518 -5.5834 0.2445 0.1554 0.9571 0.3332 0.4933
3
0.4726 0.2518 -5.5834 0.2445 0.1554 0.9571 0.3332 0.4933
0.4712 0.2631 -5.5865 0.3287 0.182 0.9267 0.3332 0.4843
0.4567 0.2652 -5.5822 0.8037 0.0242 0.5945 0.3417 0.4843
3
0.4117 0.2949 -5.5217 -0.5238 -0.4805 0.7034 0.413 0.5091
0.4169 0.2856 -5.5214 -0.5734 -0.4464 0.687 0.4128 0.5007
0.4372 0.2878 -5.5169 -0.1161 -0.3382 0.9339 0.4218 0.5007
3
0.4372 0.2878 -5.5169 -0.1161 -0.3382 0.9339 0.4218 0.5007
0.4259 0.2971 -5.5173 -0.2489 -0.4816 0.8403 0.4217 0.5091
0.4117 0.2949 -5.5217 -0.5238 -0.4805 0.7034 0.413 0.5091
3
0.4723 0.2833 -5.5187 -0.0162 -0.7224 0.6913 0.4218 0.4933
0.4372 0.2878 -5.5169 -0.0598 -0.839 0.5408 0.4218 0.5007
0.4169 0.2856 -5.5214 -0.0709 -0.89 0.4505 0.4128 0.5007
3
0.4169 0.2856 -5.5214 -0.0709 -0.89 0.4505 0.4128 0.5007
0.4542 0.2812 -5.5237 -0.0677 -0.8854 0.4599 0.4128 0.4933
0.4723 0.2833 -5.5187 -0.0162 -0.7224 0.6913 0.4218 0.4933
3
0.4712 0.2934 -5.5245 0.3069 -0.5712 -0.7613 0.4218 0.4843
0.4723 0.2833 -5.5187 0.2476 -0.573 -0.7812 0.4218 0.4933
0.4542 0.2812 -5.5237 0.759 -0.4589 -0.462 0.4128 0.4933
3
0.4542 0.2812 -5.5237 0.759 -0.4589 -0.462 0.4128 0.4933
0.4566 0.2913 -5.5288 0.8301 -0.369 -0.4181 0.4128 0.4843
0.4712 0.2934 -5.5245 0.3069 -0.5712 -0.7613 0.4218 0.4843
3
0.4259 0.2599 -5.5935 -0.2343 -0.93 -0.2834 0.3331 0.5091
0.4376 0.2534 -5.5873 -0.0899 -0.9172 -0.3882 0.3332 0.5007
0.417 0.2556 -5.5829 -0.5633 -0.8207 -0.0953 0.3417 0.5007
3
0.417 0.2556 -5.5829 -0.5633 -0.8207 -0.0953 0.3417 0.5007
0.4117 0.2621 -5.5891 -0.5703 -0.8098 -0.1376 0.3416 0.5091
0.4259 0.2599 -5.5935 -0.2343 -0.93 -0.2834 0.3331 0.5091
3
1.0871 1.4453 -6.0069 0.219 -0.0369 -0.975 0.7242 0.979
1.1111 1.4197 -5.996 0.4352 -0.1735 -0.8835 0.7345 0.9596
1.1052 1.4118 -5.9951 0.5177 -0.2452 -0.8197 0.7402 0.9632
3
1.1052 1.4118 -5.9951 0.5177 -0.2452 -0.8197 0.7402 0.9632
1.077 1.4391 -6.0068 0.1035 0.1209 -0.9873 0.7298 0.9871
1.0871 1.4453 -6.0069 0.219 -0.0369 -0.975 0.7242 0.979
3
1.0733 1.4068 -6.0731 0.0653 0.6856 0.7251 0.0303 0.9871
1.1052 1.3781 -6.0611 0.3219 0.448 0.8341 0.0121 0.9599
1.1133 1.3866 -6.0666 0.2508 0.5058 0.8254 0.0198 0.9576
3
1.1133 1.3866 -6.0666 0.2508 0.5058 0.8254 0.0198 0.9576
1.0863 1.413 -6.0776 0.1347 0.5926 0.7941 0.0343 0.979
1.0733 1.4068 -6.0731 0.0653 0.6856 0.7251 0.0303 0.9871
3
1.0839 1.4093 -6.0806 0.2046 -0.0151 -0.9787 0.0389 0.9705
1.1082 1.3822 -6.0693 0.3573 -0.1983 -0.9127 0.0267 0.9545
1.104 1.3727 -6.0672 0.5535 -0.2698 -0.7879 0.0326 0.951
3
1.104 1.3727 -6.0672 0.5535 -0.2698 -0.7879 0.0326 0.951
1.0786 1.4032 -6.08 0.1494 0.0391 -0.988 0.0425 0.963
1.0839 1.4093 -6.0806 0.2046 -0.0151 -0.9787 0.0389 0.9705
3
1.1082 1.3822 -6.0693 0.7917 0.051 -0.6088 0.0267 0.9545
1.0839 1.4093 -6.0806 0.3691 0.6749 -0.639 0.0389 0.9705
1.0863 1.413 -6.0776 0.4228 0.6305 -0.6509 0.0343 0.979
3
1.0863 1.413 -6.0776 0.4228 0.6305 -0.6509 0.0343 0.979
1.1133 1.3866 -6.0666 0.7705 0.0694 -0.6336 0.0198 0.9576
1.1082 1.3822 -6.0693 0.7917 0.051 -0.6088 0.0267 0.9545
3
1.1111 1.4197 -5.996 0.9339 0.3564 0.0277 0.7345 0.9596
1.0871 1.4453 -6.0069 0.4357 0.8176 -0.3764 0.7242 0.979
1.0864 1.4483 -6.002 0.4121 0.8336 -0.3678 0.7179 0.9705
3
1.0864 1.4483 -6.002 0.4121 0.8336 -0.3678 0.7179 0.9705
1.1087 1.4224 -5.9908 0.9235 0.3826 0.0284 0.7286 0.9572
1.1111 1.4197 -5.996 0.9339 0.3564 0.0277 0.7345 0.9596
3
1.1087 1.4224 -5.9908 0.4258 0.657 0.6221 0.7286 0.9572
1.0864 1.4483 -6.002 0.4258 0.657 0.6221 0.7179 0.9705
1.0801 1.4437 -5.9969 0.4258 0.657 0.6221 0.7117 0.963
3
1.0801 1.4437 -5.9969 0.4158 0.6472 0.6389 0.7117 0.963
1.104 1.4153 -5.9847 0.4158 0.6472 0.6389 0.7229 0.952
1.1087 1.4224 -5.9908 0.4158 0.6472 0.6389 0.7286 0.9572
3
1.077 0.2944 -5.5223 0.1097 -0.8124 -0.5726 0.7263 0.4843
1.1052 0.3219 -5.5338 0.5169 -0.4509 -0.7276 0.7402 0.5195
1.1111 0.316 -5.5289 0.4197 -0.545 -0.7258 0.7345 0.5175
3
1.1111 0.316 -5.5289 0.4197 -0.545 -0.7258 0.7345 0.5175
1.0871 0.2902 -5.5181 0.2199 -0.6868 -0.6928 0.7227 0.4933
1.077 0.2944 -5.5223 0.1097 -0.8124 -0.5726 0.7263 0.4843
3
1.0863 0.2543 -5.5873 0.1344 0.1835 0.9738 0.0374 0.4933
1.1133 0.2806 -5.5985 0.2588 0.2733 0.9265 0.0198 0.5172
1.1052 0.2906 -5.6009 0.3225 0.322 0.8901 0.0121 0.5142
3
1.1052 0.2906 -5.6009 0.3225 0.322 0.8901 0.0121 0.5142
1.0733 0.2621 -5.5887 0.0624 0.0777 0.995 0.033 0.4843
1.0863 0.2543 -5.5873 0.1344 0.1835 0.9738 0.0374 0.4933
3
1.0786 0.2589 -5.5957 0.1403 -0.7609 -0.6336 0.0445 0.5091
1.104 0.2893 -5.6087 0.5541 -0.3996 -0.7303 0.0326 0.5212
1.1082 0.2813 -5.6034 0.3735 -0.5399 -0.7543 0.0267 0.5197
3
1.1082 0.2813 -5.6034 0.3735 -0.5399 -0.7543 0.0267 0.5197
1.0839 0.2544 -5.5918 0.2025 -0.7243 -0.6591 0.0407 0.5007
1.0786 0.2589 -5.5957 0.1403 -0.7609 -0.6336 0.0445 0.5091
3
1.1133 0.2806 -5.5985 0.7881 -0.4967 -0.3636 0.0198 0.5172
1.0863 0.2543 -5.5873 0.4045 -0.9125 0.0607 0.0374 0.4933
1.0839 0.2544 -5.5918 0.3435 -0.9371 0.0617 0.0407 0.5007
3
1.0839 0.2544 -5.5918 0.3435 -0.9371 0.0617 0.0407 0.5007
1.1082 0.2813 -5.6034 0.7928 -0.4672 -0.3913 0.0267 0.5197
1.1133 0.2806 -5.5985 0.7881 -0.4967 -0.3636 0.0198 0.5172
3
1.1087 0.3184 -5.5236 0.9196 -0.2577 0.2966 0.7286 0.5174
1.0864 0.2923 -5.5127 0.427 -0.8307 0.3572 0.7192 0.5007
1.0871 0.2902 -5.5181 0.4513 -0.8141 0.3655 0.7227 0.4933
3
1.0871 0.2902 -5.5181 0.4513 -0.8141 0.3655 0.7227 0.4933
1.1111 0.316 -5.5289 0.927 -0.2258 0.2994 0.7345 0.5175
1.1087 0.3184 -5.5236 0.9196 -0.2577 0.2966 0.7286 0.5174
3
1.104 0.3279 -5.5245 0.6817 0.1886 0.7069 0.7229 0.5207
1.0801 0.2994 -5.5126 0.1881 -0.1828 0.965 0.714 0.5091
1.0864 0.2923 -5.5127 0.2639 -0.1177 0.9573 0.7192 0.5007
3
1.0864 0.2923 -5.5127 0.2639 -0.1177 0.9573 0.7192 0.5007
1.1087 0.3184 -5.5236 0.5228 0.0974 0.8469 0.7286 0.5174
1.104 0.3279 -5.5245 0.6817 0.1886 0.7069 0.7229 0.5207
3
1.0796 1.3975 -6.0728 0.4331 0.8237 -0.3658 0.9104 0.5587
0.4824 1.3977 -6.0729 -0.0062 0.9128 -0.4083 0.9104 0.8384
0.4594 1.4094 -6.0491 -0.0097 0.913 -0.4078 0.8833 0.8446
3
1.0796 1.4318 -6.0025 0.4331 0.8237 -0.3658 0.8268 0.5587
1.0796 1.3975 -6.0728 0.4331 0.8237 -0.3658 0.9104 0.5587
0.4594 1.4094 -6.0491 -0.0097 0.913 -0.4078 0.8833 0.8446
3
1.0796 1.4318 -6.0025 0.4331 0.8237 -0.3658 0.8268 0.5587
0.4594 1.4094 -6.0491 -0.0097 0.913 -0.4078 0.8833 0.8446
0.4594 1.4204 -6.0264 -0.0096 0.9148 -0.4039 0.8555 0.8449
3
0.4824 1.432 -6.0026 -0.0062 0.915 -0.4034 0.8268 0.8402
1.0796 1.4318 -6.0025 0.4331 0.8237 -0.3658 0.8268 0.5587
0.4594 1.4204 -6.0264 -0.0096 0.9148 -0.4039 0.8555 0.8449
3
1.09 1.3856 -6.0678 0.9433 0.3034 -0.1347 0.9104 0.5501
1.09 1.4199 -5.9975 0.9432 0.3035 -0.1348 0.8268 0.5501
1.0921 0.3136 -5.5297 0.9426 -0.306 0.1336 0.8268 0.071
3
1.0921 0.3136 -5.5297 0.9426 -0.306 0.1336 0.8268 0.071
1.0921 0.2802 -5.6004 0.9328 -0.3312 0.1423 0.9104 0.071
1.09 1.3856 -6.0678 0.9433 0.3034 -0.1347 0.9104 0.5501
3
1.0796 1.4318 -6.0025 0.4331 0.8237 -0.3658 0.8268 0.5587
1.09 1.4199 -5.9975 0.9432 0.3035 -0.1348 0.8268 0.5501
1.09 1.3856 -6.0678 0.9433 0.3034 -0.1347 0.9104 0.5501
3
1.09 1.3856 -6.0678 0.9433 0.3034 -0.1347 0.9104 0.5501
1.0796 1.3975 -6.0728 0.4331 0.8237 -0.3658 0.9104 0.5587
1.0796 1.4318 -6.0025 0.4331 0.8237 -0.3658 0.8268 0.5587
3
0.4594 1.4204 -6.0264 -0.0096 0.9148 -0.4039 0.8555 0.8449
0.4413 1.4204 -6.0257 -0.0173 0.9151 -0.4028 0.8599 0.8541
0.4639 1.4318 -6.0024 -0.0171 0.9167 -0.3992 0.8307 0.8517
3
0.4639 1.4318 -6.0024 -0.0171 0.9167 -0.3992 0.8307 0.8517
0.4824 1.432 -6.0026 -0.0062 0.915 -0.4034 0.8268 0.8402
0.4594 1.4204 -6.0264 -0.0096 0.9148 -0.4039 0.8555 0.8449
3
0.4594 1.4094 -6.0491 -0.0097 0.913 -0.4078 0.8833 0.8446
0.4413 1.4088 -6.0494 -0.0174 0.9125 -0.4088 0.8872 0.854
0.4413 1.4204 -6.0257 -0.0173 0.9151 -0.4028 0.8599 0.8541
3
0.4413 1.4204 -6.0257 -0.0173 0.9151 -0.4028 0.8599 0.8541
0.4594 1.4204 -6.0264 -0.0096 0.9148 -0.4039 0.8555 0.8449
0.4594 1.4094 -6.0491 -0.0097 0.913 -0.4078 0.8833 0.8446
3
0.4824 1.3977 -6.0729 -0.0062 0.9128 -0.4083 0.9104 0.8384
0.4639 1.3975 -6.0727 -0.0173 0.9108 -0.4125 0.91 0.8491
0.4413 1.4088 -6.0494 -0.0174 0.9125 -0.4088 0.8872 0.854
3
0.4413 1.4088 -6.0494 -0.0174 0.9125 -0.4088 0.8872 0.854
0.4594 1.4094 -6.0491 -0.0097 0.913 -0.4078 0.8833 0.8446
0.4824 1.3977 -6.0729 -0.0062 0.9128 -0.4083 0.9104 0.8384
3
1.0806 0.2682 -5.5958 0.4016 -0.8416 0.3611 0.9104 0.5587
0.456 0.279 -5.5717 -0.0097 -0.9198 0.3922 0.8833 0.8446
0.4789 0.268 -5.5958 -0.0062 -0.92 0.3918 0.9104 0.8384
3
1.0806 0.3006 -5.5248 0.4299 -0.8289 0.3579 0.8268 0.5587
0.456 0.279 -5.5717 -0.0097 -0.9198 0.3922 0.8833 0.8446
1.0806 0.2682 -5.5958 0.4016 -0.8416 0.3611 0.9104 0.5587
3
1.0806 0.3006 -5.5248 0.4299 -0.8289 0.3579 0.8268 0.5587
0.456 0.2894 -5.5488 -0.0096 -0.9181 0.3962 0.8555 0.8449
0.456 0.279 -5.5717 -0.0097 -0.9198 0.3922 0.8833 0.8446
3
0.4789 0.3004 -5.5247 -0.0062 -0.9179 0.3967 0.8268 0.8402
0.456 0.2894 -5.5488 -0.0096 -0.9181 0.3962 0.8555 0.8449
1.0806 0.3006 -5.5248 0.4299 -0.8289 0.3579 0.8268 0.5587
3
1.0806 0.3006 -5.5248 0.4299 -0.8289 0.3579 0.8268 0.5587
1.0921 0.2802 -5.6004 0.9328 -0.3312 0.1423 0.9104 0.5501
1.0921 0.3136 -5.5297 0.9426 -0.306 0.1336 0.8268 0.5501
3
1.0921 0.2802 -5.6004 0.9328 -0.3312 0.1423 0.9104 0.5501
1.0806 0.3006 -5.5248 0.4299 -0.8289 0.3579 0.8268 0.5587
1.0806 0.2682 -5.5958 0.4016 -0.8416 0.3611 0.9104 0.5587
3
0.456 0.2894 -5.5488 -0.0096 -0.9181 0.3962 0.8555 0.8449
0.4605 0.3008 -5.5247 -0.0171 -0.916 0.4008 0.8307 0.8517
0.4379 0.29 -5.5482 -0.0173 -0.9176 0.3972 0.8599 0.8541
3
0.4605 0.3008 -5.5247 -0.0171 -0.916 0.4008 0.8307 0.8517
0.456 0.2894 -5.5488 -0.0096 -0.9181 0.3962 0.8555 0.8449
0.4789 0.3004 -5.5247 -0.0062 -0.9179 0.3967 0.8268 0.8402
3
0.456 0.279 -5.5717 -0.0097 -0.9198 0.3922 0.8833 0.8446
0.4379 0.29 -5.5482 -0.0173 -0.9176 0.3972 0.8599 0.8541
0.4379 0.2791 -5.5723 -0.0174 -0.9201 0.3912 0.8872 0.854
3
0.4379 0.29 -5.5482 -0.0173 -0.9176 0.3972 0.8599 0.8541
0.456 0.279 -5.5717 -0.0097 -0.9198 0.3922 0.8833 0.8446
0.456 0.2894 -5.5488 -0.0096 -0.9181 0.3962 0.8555 0.8449
3
0.4789 0.268 -5.5958 -0.0062 -0.92 0.3918 0.9104 0.8384
0.4379 0.2791 -5.5723 -0.0174 -0.9201 0.3912 0.8872 0.854
0.4605 0.2683 -5.5958 -0.0173 -0.9218 0.3874 0.91 0.8491
3
0.4379 0.2791 -5.5723 -0.0174 -0.9201 0.3912 0.8872 0.854
0.4789 0.268 -5.5958 -0.0062 -0.92 0.3918 0.9104 0.8384
0.456 0.279 -5.5717 -0.0097 -0.9198 0.3922 0.8833 0.8446
