240
3
3.8257 1.5296 -3.5811 0.0076 1.0 -0.0019 0.5 0.5
3.9273 1.5296 -3.1807 0.0076 1.0 -0.0019 0.1653 0.5
4.114 1.528 -3.2852 0.0076 1.0 -0.0019 0.2102 0.3327
3
4.1781 1.5428 -3.2192 -0.2212 0.9463 -0.236 0.1457 0.2954
4.114 1.528 -3.2852 -0.1065 0.9872 -0.119 0.2102 0.3327
3.9273 1.5296 -3.1807 -0.0327 0.9866 -0.1601 0.1653 0.5
3
3.9273 1.5296 -3.1807 -0.0327 0.9866 -0.1601 0.1653 0.5
3.9499 1.5448 -3.0915 -0.0734 0.9452 -0.3181 0.0908 0.5
4.1781 1.5428 -3.2192 -0.2212 0.9463 -0.236 0.1457 0.2954
3
4.2259 1.5762 -3.1699 -0.0963 0.9894 -0.1087 0.0966 0.2671
4.1781 1.5428 -3.2192 -0.2212 0.9463 -0.236 0.1457 0.2954
3.9499 1.5448 -3.0915 -0.0734 0.9452 -0.3181 0.0908 0.5
3
3.9499 1.5448 -3.0915 -0.0734 0.9452 -0.3181 0.0908 0.5
3.9666 1.5785 -3.0248 -0.0288 0.9889 -0.1457 0.0342 0.5
4.2259 1.5762 -3.1699 -0.0963 0.9894 -0.1087 0.0966 0.2671
3
4.2278 1.576 -3.168 0.369 0.8518 0.3719 0.0941 0.2655
4.2259 1.5762 -3.1699 -0.0963 0.9894 -0.1087 0.0966 0.2671
3.9666 1.5785 -3.0248 -0.0288 0.9889 -0.1457 0.0342 0.5
3
3.9666 1.5785 -3.0248 -0.0288 0.9889 -0.1457 0.0342 0.5
3.9673 1.5783 -3.0221 0.1341 0.8526 0.505 0.0314 0.5
4.2278 1.576 -3.168 0.369 0.8518 0.3719 0.0941 0.2655
3
4.2295 1.573 -3.1663 0.6108 0.4885 0.6232 0.0915 0.2637
4.2278 1.576 -3.168 0.369 0.8518 0.3719 0.0941 0.2655
3.9673 1.5783 -3.0221 0.1341 0.8526 0.505 0.0314 0.5
3
3.9673 1.5783 -3.0221 0.1341 0.8526 0.505 0.0314 0.5
3.9679 1.5753 -3.0199 0.218 0.4877 0.8454 0.0285 0.5
4.2295 1.573 -3.1663 0.6108 0.4885 0.6232 0.0915 0.2637
3
4.2322 1.5635 -3.1636 0.6803 0.2274 0.6968 0.0804 0.257
4.2295 1.573 -3.1663 0.6108 0.4885 0.6232 0.0915 0.2637
3.9679 1.5753 -3.0199 0.218 0.4877 0.8454 0.0285 0.5
3
3.9679 1.5753 -3.0199 0.218 0.4877 0.8454 0.0285 0.5
3.9689 1.5658 -3.0162 0.2411 0.2255 0.9439 0.0154 0.5
4.2322 1.5635 -3.1636 0.6803 0.2274 0.6968 0.0804 0.257
3
4.2324 1.56 -3.1634 0.6767 -0.2385 0.6966 0.077 0.2549
4.2322 1.5635 -3.1636 0.6803 0.2274 0.6968 0.0804 0.257
3.9689 1.5658 -3.0162 0.2411 0.2255 0.9439 0.0154 0.5
3
3.9689 1.5658 -3.0162 0.2411 0.2255 0.9439 0.0154 0.5
3.969 1.5623 -3.0159 0.2375 -0.2398 0.9413 0.0116 0.5
4.2324 1.56 -3.1634 0.6767 -0.2385 0.6966 0.077 0.2549
3
4.2312 1.5575 -3.1646 0.4701 -0.7349 0.4888 0.0733 0.253
4.2324 1.56 -3.1634 0.6767 -0.2385 0.6966 0.077 0.2549
3.969 1.5623 -3.0159 0.2375 -0.2398 0.9413 0.0116 0.5
3
3.969 1.5623 -3.0159 0.2375 -0.2398 0.9413 0.0116 0.5
3.9686 1.5598 -3.0175 0.1623 -0.7343 0.6592 0.0079 0.5
4.2312 1.5575 -3.1646 0.4701 -0.7349 0.4888 0.0733 0.253
3
4.1807 1.5226 -3.2166 0.2194 -0.9471 0.2342 0.1463 0.2958
4.2312 1.5575 -3.1646 0.4701 -0.7349 0.4888 0.0921 0.2645
3.9686 1.5598 -3.0175 0.1623 -0.7343 0.6592 0.029 0.5
3
3.9686 1.5598 -3.0175 0.1623 -0.7343 0.6592 0.029 0.5
3.9509 1.5246 -3.088 0.0728 -0.9461 0.3157 0.0916 0.5
4.1807 1.5226 -3.2166 0.2194 -0.9471 0.2342 0.1463 0.2958
3
4.1141 1.5072 -3.2852 0.1065 -0.9872 0.1189 0.2131 0.3344
4.1807 1.5226 -3.2166 0.2194 -0.9471 0.2342 0.1463 0.2958
3.9509 1.5246 -3.088 0.0728 -0.9461 0.3157 0.0916 0.5
3
3.9509 1.5246 -3.088 0.0728 -0.9461 0.3157 0.0916 0.5
3.9274 1.5088 -3.1807 0.0327 -0.9866 0.16 0.1687 0.5
4.1141 1.5072 -3.2852 0.1065 -0.9872 0.1189 0.2131 0.3344
3
3.9274 1.5088 -3.1807 -0.0076 -1.0 0.0019 0.1687 0.5
3.8258 1.5088 -3.5811 -0.0076 -1.0 0.0019 0.5 0.5
4.1141 1.5072 -3.2852 -0.0076 -1.0 0.0019 0.2131 0.3344
3
3.8257 1.5296 -3.5811 0.0076 1.0 -0.0019 0.5 0.5
4.114 1.528 -3.2852 0.0076 1.0 -0.0019 0.2102 0.3327
4.2233 1.5268 -3.4689 0.0076 1.0 -0.0019 0.3327 0.2102
3
4.3119 1.5414 -3.4439 -0.3081 0.947 -0.0907 0.2954 0.1457
4.2233 1.5268 -3.4689 -0.1499 0.9876 -0.0463 0.3327 0.2102
4.114 1.528 -3.2852 -0.1065 0.9872 -0.119 0.2102 0.3327
3
4.114 1.528 -3.2852 -0.1065 0.9872 -0.119 0.2102 0.3327
4.1781 1.5428 -3.2192 -0.2212 0.9463 -0.236 0.1457 0.2954
4.3119 1.5414 -3.4439 -0.3081 0.947 -0.0907 0.2954 0.1457
3
4.3779 1.5746 -3.4252 -0.1361 0.9898 -0.0425 0.2671 0.0966
4.3119 1.5414 -3.4439 -0.3081 0.947 -0.0907 0.2954 0.1457
4.1781 1.5428 -3.2192 -0.2212 0.9463 -0.236 0.1457 0.2954
3
4.1781 1.5428 -3.2192 -0.2212 0.9463 -0.236 0.1457 0.2954
4.2259 1.5762 -3.1699 -0.0963 0.9894 -0.1087 0.0966 0.2671
4.3779 1.5746 -3.4252 -0.1361 0.9898 -0.0425 0.2671 0.0966
3
4.3805 1.5744 -3.4245 0.506 0.8511 0.1398 0.265 0.0934
4.3779 1.5746 -3.4252 -0.1361 0.9898 -0.0425 0.2671 0.0966
4.2259 1.5762 -3.1699 -0.0963 0.9894 -0.1087 0.0966 0.2671
3
4.2259 1.5762 -3.1699 -0.0963 0.9894 -0.1087 0.0966 0.2671
4.2278 1.576 -3.168 0.369 0.8518 0.3719 0.0941 0.2655
4.3805 1.5744 -3.4245 0.506 0.8511 0.1398 0.265 0.0934
3
4.3828 1.5714 -3.4239 0.8399 0.4891 0.2353 0.2633 0.0903
4.3805 1.5744 -3.4245 0.506 0.8511 0.1398 0.265 0.0934
4.2278 1.576 -3.168 0.369 0.8518 0.3719 0.0941 0.2655
3
4.2278 1.576 -3.168 0.369 0.8518 0.3719 0.0941 0.2655
4.2295 1.573 -3.1663 0.6108 0.4885 0.6232 0.0915 0.2637
4.3828 1.5714 -3.4239 0.8399 0.4891 0.2353 0.2633 0.0903
3
4.3865 1.5618 -3.4228 0.9371 0.2289 0.2637 0.2563 0.0786
4.3828 1.5714 -3.4239 0.8399 0.4891 0.2353 0.2633 0.0903
4.2295 1.573 -3.1663 0.6108 0.4885 0.6232 0.0915 0.2637
3
4.2295 1.573 -3.1663 0.6108 0.4885 0.6232 0.0915 0.2637
4.2322 1.5635 -3.1636 0.6803 0.2274 0.6968 0.0804 0.257
4.3865 1.5618 -3.4228 0.9371 0.2289 0.2637 0.2563 0.0786
3
4.3868 1.5583 -3.4228 0.9347 -0.2376 0.2645 0.2545 0.0755
4.3865 1.5618 -3.4228 0.9371 0.2289 0.2637 0.2563 0.0786
4.2322 1.5635 -3.1636 0.6803 0.2274 0.6968 0.0804 0.257
3
4.2322 1.5635 -3.1636 0.6803 0.2274 0.6968 0.0804 0.257
4.2324 1.56 -3.1634 0.6767 -0.2385 0.6966 0.077 0.2549
4.3868 1.5583 -3.4228 0.9347 -0.2376 0.2645 0.2545 0.0755
3
4.3852 1.5558 -3.4232 0.6514 -0.7354 0.1864 0.2526 0.0726
4.3868 1.5583 -3.4228 0.9347 -0.2376 0.2645 0.2545 0.0755
4.2324 1.56 -3.1634 0.6767 -0.2385 0.6966 0.077 0.2549
3
4.2324 1.56 -3.1634 0.6767 -0.2385 0.6966 0.077 0.2549
4.2312 1.5575 -3.1646 0.4701 -0.7349 0.4888 0.0733 0.253
4.3852 1.5558 -3.4232 0.6514 -0.7354 0.1864 0.2526 0.0726
3
4.3155 1.5212 -3.443 0.3057 -0.9479 0.09 0.2958 0.1463
4.3852 1.5558 -3.4232 0.6514 -0.7354 0.1864 0.2645 0.0921
4.2312 1.5575 -3.1646 0.4701 -0.7349 0.4888 0.0921 0.2645
3
4.2312 1.5575 -3.1646 0.4701 -0.7349 0.4888 0.0921 0.2645
4.1807 1.5226 -3.2166 0.2194 -0.9471 0.2342 0.1463 0.2958
4.3155 1.5212 -3.443 0.3057 -0.9479 0.09 0.2958 0.1463
3
4.2235 1.506 -3.469 0.1498 -0.9876 0.0463 0.3344 0.2131
4.3155 1.5212 -3.443 0.3057 -0.9479 0.09 0.2958 0.1463
4.1807 1.5226 -3.2166 0.2194 -0.9471 0.2342 0.1463 0.2958
3
4.1807 1.5226 -3.2166 0.2194 -0.9471 0.2342 0.1463 0.2958
4.1141 1.5072 -3.2852 0.1065 -0.9872 0.1189 0.2131 0.3344
4.2235 1.506 -3.469 0.1498 -0.9876 0.0463 0.3344 0.2131
3
4.1141 1.5072 -3.2852 -0.0076 -1.0 0.0019 0.2131 0.3344
3.8258 1.5088 -3.5811 -0.0076 -1.0 0.0019 0.5 0.5
4.2235 1.506 -3.469 -0.0076 -1.0 0.0019 0.3344 0.2131
3
3.8257 1.5296 -3.5811 0.0076 1.0 -0.0019 0.5 0.5
4.2233 1.5268 -3.4689 0.0076 1.0 -0.0019 0.3327 0.2102
4.2262 1.5263 -3.6828 0.0076 1.0 -0.0019 0.5 0.1653
3
4.3153 1.5408 -3.7054 -0.3105 0.9473 0.0788 0.5 0.0908
4.2262 1.5263 -3.6828 -0.151 0.9878 0.0383 0.5 0.1653
4.2233 1.5268 -3.4689 -0.1499 0.9876 -0.0463 0.3327 0.2102
3
4.2233 1.5268 -3.4689 -0.1499 0.9876 -0.0463 0.3327 0.2102
4.3119 1.5414 -3.4439 -0.3081 0.947 -0.0907 0.2954 0.1457
4.3153 1.5408 -3.7054 -0.3105 0.9473 0.0788 0.5 0.0908
3
4.3818 1.574 -3.7223 -0.1374 0.9899 0.0349 0.5 0.0342
4.3153 1.5408 -3.7054 -0.3105 0.9473 0.0788 0.5 0.0908
4.3119 1.5414 -3.4439 -0.3081 0.947 -0.0907 0.2954 0.1457
3
4.3119 1.5414 -3.4439 -0.3081 0.947 -0.0907 0.2954 0.1457
4.3779 1.5746 -3.4252 -0.1361 0.9898 -0.0425 0.2671 0.0966
4.3818 1.574 -3.7223 -0.1374 0.9899 0.0349 0.5 0.0342
3
4.3845 1.5738 -3.723 0.5092 0.8509 -0.1293 0.5 0.0302
4.3818 1.574 -3.7223 -0.1374 0.9899 0.0349 0.5 0.0342
4.3779 1.5746 -3.4252 -0.1361 0.9898 -0.0425 0.2671 0.0966
3
4.3779 1.5746 -3.4252 -0.1361 0.9898 -0.0425 0.2671 0.0966
4.3805 1.5744 -3.4245 0.506 0.8511 0.1398 0.265 0.0934
4.3845 1.5738 -3.723 0.5092 0.8509 -0.1293 0.5 0.0302
3
4.3867 1.5707 -3.7235 0.8453 0.4893 -0.2146 0.5 0.0265
4.3845 1.5738 -3.723 0.5092 0.8509 -0.1293 0.5 0.0302
4.3805 1.5744 -3.4245 0.506 0.8511 0.1398 0.265 0.0934
3
4.3805 1.5744 -3.4245 0.506 0.8511 0.1398 0.265 0.0934
4.3828 1.5714 -3.4239 0.8399 0.4891 0.2353 0.2633 0.0903
4.3867 1.5707 -3.7235 0.8453 0.4893 -0.2146 0.5 0.0265
3
4.3905 1.5612 -3.7245 0.9434 0.2295 -0.2395 0.5 0.0134
4.3867 1.5707 -3.7235 0.8453 0.4893 -0.2146 0.5 0.0265
4.3828 1.5714 -3.4239 0.8399 0.4891 0.2353 0.2633 0.0903
3
4.3828 1.5714 -3.4239 0.8399 0.4891 0.2353 0.2633 0.0903
4.3865 1.5618 -3.4228 0.9371 0.2289 0.2637 0.2563 0.0786
4.3905 1.5612 -3.7245 0.9434 0.2295 -0.2395 0.5 0.0134
3
4.3908 1.5577 -3.7246 0.9416 -0.2372 -0.239 0.5 0.0095
4.3905 1.5612 -3.7245 0.9434 0.2295 -0.2395 0.5 0.0134
4.3865 1.5618 -3.4228 0.9371 0.2289 0.2637 0.2563 0.0786
3
4.3865 1.5618 -3.4228 0.9371 0.2289 0.2637 0.2563 0.0786
4.3868 1.5583 -3.4228 0.9347 -0.2376 0.2645 0.2545 0.0755
4.3908 1.5577 -3.7246 0.9416 -0.2372 -0.239 0.5 0.0095
3
4.3892 1.5552 -3.7242 0.6566 -0.7356 -0.1667 0.5 0.0057
4.3908 1.5577 -3.7246 0.9416 -0.2372 -0.239 0.5 0.0095
4.3868 1.5583 -3.4228 0.9347 -0.2376 0.2645 0.2545 0.0755
3
4.3868 1.5583 -3.4228 0.9347 -0.2376 0.2645 0.2545 0.0755
4.3852 1.5558 -3.4232 0.6514 -0.7354 0.1864 0.2526 0.0726
4.3892 1.5552 -3.7242 0.6566 -0.7356 -0.1667 0.5 0.0057
3
4.319 1.5206 -3.7063 0.3081 -0.9481 -0.0782 0.5 0.0916
4.3892 1.5552 -3.7242 0.6566 -0.7356 -0.1667 0.5 0.029
4.3852 1.5558 -3.4232 0.6514 -0.7354 0.1864 0.2645 0.0921
3
4.3852 1.5558 -3.4232 0.6514 -0.7354 0.1864 0.2645 0.0921
4.3155 1.5212 -3.443 0.3057 -0.9479 0.09 0.2958 0.1463
4.319 1.5206 -3.7063 0.3081 -0.9481 -0.0782 0.5 0.0916
3
4.2263 1.5055 -3.6828 0.1509 -0.9878 -0.0383 0.5 0.1687
4.319 1.5206 -3.7063 0.3081 -0.9481 -0.0782 0.5 0.0916
4.3155 1.5212 -3.443 0.3057 -0.9479 0.09 0.2958 0.1463
3
4.3155 1.5212 -3.443 0.3057 -0.9479 0.09 0.2958 0.1463
4.2235 1.506 -3.469 0.1498 -0.9876 0.0463 0.3344 0.2131
4.2263 1.5055 -3.6828 0.1509 -0.9878 -0.0383 0.5 0.1687
3
4.2235 1.506 -3.469 -0.0076 -1.0 0.0019 0.3344 0.2131
3.8258 1.5088 -3.5811 -0.0076 -1.0 0.0019 0.5 0.5
4.2263 1.5055 -3.6828 -0.0076 -1.0 0.0019 0.5 0.1687
3
3.8257 1.5296 -3.5811 0.0076 1.0 -0.0019 0.5 0.5
4.2262 1.5263 -3.6828 0.0076 1.0 -0.0019 0.5 0.1653
4.1217 1.5268 -3.8694 0.0076 1.0 -0.0019 0.6673 0.2102
3
4.1876 1.5414 -3.9336 -0.2275 0.947 0.2267 0.7046 0.1457
4.1217 1.5268 -3.8694 -0.1096 0.9876 0.1122 0.6673 0.2102
4.2262 1.5263 -3.6828 -0.151 0.9878 0.0383 0.5 0.1653
3
4.2262 1.5263 -3.6828 -0.151 0.9878 0.0383 0.5 0.1653
4.3153 1.5408 -3.7054 -0.3105 0.9473 0.0788 0.5 0.0908
4.1876 1.5414 -3.9336 -0.2275 0.947 0.2267 0.7046 0.1457
3
4.2367 1.5746 -3.9815 -0.0994 0.9898 0.1023 0.7329 0.0966
4.1876 1.5414 -3.9336 -0.2275 0.947 0.2267 0.7046 0.1457
4.3153 1.5408 -3.7054 -0.3105 0.9473 0.0788 0.5 0.0908
3
4.3153 1.5408 -3.7054 -0.3105 0.9473 0.0788 0.5 0.0908
4.3818 1.574 -3.7223 -0.1374 0.9899 0.0349 0.5 0.0342
4.2367 1.5746 -3.9815 -0.0994 0.9898 0.1023 0.7329 0.0966
3
4.2386 1.5744 -3.9834 0.378 0.8511 -0.3642 0.7345 0.0937
4.2367 1.5746 -3.9815 -0.0994 0.9898 0.1023 0.7329 0.0966
4.3818 1.574 -3.7223 -0.1374 0.9899 0.0349 0.5 0.0342
3
4.3818 1.574 -3.7223 -0.1374 0.9899 0.0349 0.5 0.0342
4.3845 1.5738 -3.723 0.5092 0.8509 -0.1293 0.5 0.0302
4.2386 1.5744 -3.9834 0.378 0.8511 -0.3642 0.7345 0.0937
3
4.2403 1.5714 -3.985 0.6259 0.4891 -0.6075 0.7367 0.0905
4.2386 1.5744 -3.9834 0.378 0.8511 -0.3642 0.7345 0.0937
4.3845 1.5738 -3.723 0.5092 0.8509 -0.1293 0.5 0.0302
3
4.3845 1.5738 -3.723 0.5092 0.8509 -0.1293 0.5 0.0302
4.3867 1.5707 -3.7235 0.8453 0.4893 -0.2146 0.5 0.0265
4.2403 1.5714 -3.985 0.6259 0.4891 -0.6075 0.7367 0.0905
3
4.2431 1.5618 -3.9877 0.6978 0.229 -0.6787 0.7434 0.0788
4.2403 1.5714 -3.985 0.6259 0.4891 -0.6075 0.7367 0.0905
4.3867 1.5707 -3.7235 0.8453 0.4893 -0.2146 0.5 0.0265
3
4.3867 1.5707 -3.7235 0.8453 0.4893 -0.2146 0.5 0.0265
4.3905 1.5612 -3.7245 0.9434 0.2295 -0.2395 0.5 0.0134
4.2431 1.5618 -3.9877 0.6978 0.229 -0.6787 0.7434 0.0788
3
4.2433 1.5583 -3.9879 0.6953 -0.2375 -0.6783 0.7455 0.0752
4.2431 1.5618 -3.9877 0.6978 0.229 -0.6787 0.7434 0.0788
4.3905 1.5612 -3.7245 0.9434 0.2295 -0.2395 0.5 0.0134
3
4.3905 1.5612 -3.7245 0.9434 0.2295 -0.2395 0.5 0.0134
4.3908 1.5577 -3.7246 0.9416 -0.2372 -0.239 0.5 0.0095
4.2433 1.5583 -3.9879 0.6953 -0.2375 -0.6783 0.7455 0.0752
3
4.2421 1.5558 -3.9868 0.4836 -0.7355 -0.4746 0.7474 0.072
4.2433 1.5583 -3.9879 0.6953 -0.2375 -0.6783 0.7455 0.0752
4.3908 1.5577 -3.7246 0.9416 -0.2372 -0.239 0.5 0.0095
3
4.3908 1.5577 -3.7246 0.9416 -0.2372 -0.239 0.5 0.0095
4.3892 1.5552 -3.7242 0.6566 -0.7356 -0.1667 0.5 0.0057
4.2421 1.5558 -3.9868 0.4836 -0.7355 -0.4746 0.7474 0.072
3
4.1903 1.5212 -3.9361 0.2258 -0.9479 -0.2249 0.7042 0.1463
4.2421 1.5558 -3.9868 0.4836 -0.7355 -0.4746 0.7355 0.0921
4.3892 1.5552 -3.7242 0.6566 -0.7356 -0.1667 0.5 0.029
3
4.3892 1.5552 -3.7242 0.6566 -0.7356 -0.1667 0.5 0.029
4.319 1.5206 -3.7063 0.3081 -0.9481 -0.0782 0.5 0.0916
4.1903 1.5212 -3.9361 0.2258 -0.9479 -0.2249 0.7042 0.1463
3
4.1218 1.506 -3.8694 0.1096 -0.9876 -0.1121 0.6656 0.2131
4.1903 1.5212 -3.9361 0.2258 -0.9479 -0.2249 0.7042 0.1463
4.319 1.5206 -3.7063 0.3081 -0.9481 -0.0782 0.5 0.0916
3
4.319 1.5206 -3.7063 0.3081 -0.9481 -0.0782 0.5 0.0916
4.2263 1.5055 -3.6828 0.1509 -0.9878 -0.0383 0.5 0.1687
4.1218 1.506 -3.8694 0.1096 -0.9876 -0.1121 0.6656 0.2131
3
4.2263 1.5055 -3.6828 -0.0076 -1.0 0.0019 0.5 0.1687
3.8258 1.5088 -3.5811 -0.0076 -1.0 0.0019 0.5 0.5
4.1218 1.506 -3.8694 -0.0076 -1.0 0.0019 0.6656 0.2131
3
3.8257 1.5296 -3.5811 0.0076 1.0 -0.0019 0.5 0.5
4.1217 1.5268 -3.8694 0.0076 1.0 -0.0019 0.6673 0.2102
3.9379 1.528 -3.9787 0.0076 1.0 -0.0019 0.7898 0.3327
3
3.9628 1.5428 -4.0673 -0.0818 0.9463 0.3129 0.8543 0.2954
3.9379 1.528 -3.9787 -0.0369 0.9872 0.1554 0.7898 0.3327
4.1217 1.5268 -3.8694 -0.1096 0.9876 0.1122 0.6673 0.2102
3
4.1217 1.5268 -3.8694 -0.1096 0.9876 0.1122 0.6673 0.2102
4.1876 1.5414 -3.9336 -0.2275 0.947 0.2267 0.7046 0.1457
3.9628 1.5428 -4.0673 -0.0818 0.9463 0.3129 0.8543 0.2954
3
3.9813 1.5762 -4.1334 -0.0328 0.9894 0.1415 0.9034 0.2671
3.9628 1.5428 -4.0673 -0.0818 0.9463 0.3129 0.8543 0.2954
4.1876 1.5414 -3.9336 -0.2275 0.947 0.2267 0.7046 0.1457
3
4.1876 1.5414 -3.9336 -0.2275 0.947 0.2267 0.7046 0.1457
4.2367 1.5746 -3.9815 -0.0994 0.9898 0.1023 0.7329 0.0966
3.9813 1.5762 -4.1334 -0.0328 0.9894 0.1415 0.9034 0.2671
3
3.9821 1.576 -4.1361 0.147 0.8518 -0.5029 0.9063 0.2656
3.9813 1.5762 -4.1334 -0.0328 0.9894 0.1415 0.9034 0.2671
4.2367 1.5746 -3.9815 -0.0994 0.9898 0.1023 0.7329 0.0966
3
4.2367 1.5746 -3.9815 -0.0994 0.9898 0.1023 0.7329 0.0966
4.2386 1.5744 -3.9834 0.378 0.8511 -0.3642 0.7345 0.0937
3.9821 1.576 -4.1361 0.147 0.8518 -0.5029 0.9063 0.2656
3
3.9827 1.573 -4.1383 0.2396 0.4885 -0.8391 0.9096 0.2639
3.9821 1.576 -4.1361 0.147 0.8518 -0.5029 0.9063 0.2656
4.2386 1.5744 -3.9834 0.378 0.8511 -0.3642 0.7345 0.0937
3
4.2386 1.5744 -3.9834 0.378 0.8511 -0.3642 0.7345 0.0937
4.2403 1.5714 -3.985 0.6259 0.4891 -0.6075 0.7367 0.0905
3.9827 1.573 -4.1383 0.2396 0.4885 -0.8391 0.9096 0.2639
3
3.9838 1.5635 -4.142 0.2656 0.2274 -0.9369 0.9213 0.2572
3.9827 1.573 -4.1383 0.2396 0.4885 -0.8391 0.9096 0.2639
4.2403 1.5714 -3.985 0.6259 0.4891 -0.6075 0.7367 0.0905
3
4.2403 1.5714 -3.985 0.6259 0.4891 -0.6075 0.7367 0.0905
4.2431 1.5618 -3.9877 0.6978 0.229 -0.6787 0.7434 0.0788
3.9838 1.5635 -4.142 0.2656 0.2274 -0.9369 0.9213 0.2572
3
3.9839 1.56 -4.1423 0.2625 -0.2385 -0.935 0.9252 0.2554
3.9838 1.5635 -4.142 0.2656 0.2274 -0.9369 0.9213 0.2572
4.2431 1.5618 -3.9877 0.6978 0.229 -0.6787 0.7434 0.0788
3
4.2431 1.5618 -3.9877 0.6978 0.229 -0.6787 0.7434 0.0788
4.2433 1.5583 -3.9879 0.6953 -0.2375 -0.6783 0.7455 0.0752
3.9839 1.56 -4.1423 0.2625 -0.2385 -0.935 0.9252 0.2554
3
3.9835 1.5575 -4.1407 0.18 -0.7349 -0.6539 0.9287 0.2532
3.9839 1.56 -4.1423 0.2625 -0.2385 -0.935 0.9252 0.2554
4.2433 1.5583 -3.9879 0.6953 -0.2375 -0.6783 0.7455 0.0752
3
4.2433 1.5583 -3.9879 0.6953 -0.2375 -0.6783 0.7455 0.0752
4.2421 1.5558 -3.9868 0.4836 -0.7355 -0.4746 0.7474 0.072
3.9835 1.5575 -4.1407 0.18 -0.7349 -0.6539 0.9287 0.2532
3
3.9639 1.5226 -4.0708 0.0811 -0.9471 -0.3105 0.8537 0.2958
3.9835 1.5575 -4.1407 0.18 -0.7349 -0.6539 0.9079 0.2645
4.2421 1.5558 -3.9868 0.4836 -0.7355 -0.4746 0.7355 0.0921
3
4.2421 1.5558 -3.9868 0.4836 -0.7355 -0.4746 0.7355 0.0921
4.1903 1.5212 -3.9361 0.2258 -0.9479 -0.2249 0.7042 0.1463
3.9639 1.5226 -4.0708 0.0811 -0.9471 -0.3105 0.8537 0.2958
3
3.938 1.5072 -3.9788 0.0369 -0.9872 -0.1553 0.7869 0.3344
3.9639 1.5226 -4.0708 0.0811 -0.9471 -0.3105 0.8537 0.2958
4.1903 1.5212 -3.9361 0.2258 -0.9479 -0.2249 0.7042 0.1463
3
4.1903 1.5212 -3.9361 0.2258 -0.9479 -0.2249 0.7042 0.1463
4.1218 1.506 -3.8694 0.1096 -0.9876 -0.1121 0.6656 0.2131
3.938 1.5072 -3.9788 0.0369 -0.9872 -0.1553 0.7869 0.3344
3
4.1218 1.506 -3.8694 -0.0076 -1.0 0.0019 0.6656 0.2131
3.8258 1.5088 -3.5811 -0.0076 -1.0 0.0019 0.5 0.5
3.938 1.5072 -3.9788 -0.0076 -1.0 0.0019 0.7869 0.3344
3
3.8257 1.5296 -3.5811 0.0076 1.0 -0.0019 0.5 0.5
3.9379 1.528 -3.9787 0.0076 1.0 -0.0019 0.7898 0.3327
3.724 1.5296 -3.9815 0.0076 1.0 -0.0019 0.8347 0.5
3
3.7013 1.5448 -4.0707 0.0872 0.9452 0.3145 0.9092 0.5
3.724 1.5296 -3.9815 0.0476 0.9866 0.1564 0.8347 0.5
3.9379 1.528 -3.9787 -0.0369 0.9872 0.1554 0.7898 0.3327
3
3.9379 1.528 -3.9787 -0.0369 0.9872 0.1554 0.7898 0.3327
3.9628 1.5428 -4.0673 -0.0818 0.9463 0.3129 0.8543 0.2954
3.7013 1.5448 -4.0707 0.0872 0.9452 0.3145 0.9092 0.5
3
3.6842 1.5785 -4.1373 0.0442 0.9889 0.1418 0.9658 0.5
3.7013 1.5448 -4.0707 0.0872 0.9452 0.3145 0.9092 0.5
3.9628 1.5428 -4.0673 -0.0818 0.9463 0.3129 0.8543 0.2954
3
3.9628 1.5428 -4.0673 -0.0818 0.9463 0.3129 0.8543 0.2954
3.9813 1.5762 -4.1334 -0.0328 0.9894 0.1415 0.9034 0.2671
3.6842 1.5785 -4.1373 0.0442 0.9889 0.1418 0.9658 0.5
3
3.6835 1.5783 -4.14 -0.123 0.8526 -0.5078 0.969 0.5
3.6842 1.5785 -4.1373 0.0442 0.9889 0.1418 0.9658 0.5
3.9813 1.5762 -4.1334 -0.0328 0.9894 0.1415 0.9034 0.2671
3
3.9813 1.5762 -4.1334 -0.0328 0.9894 0.1415 0.9034 0.2671
3.9821 1.576 -4.1361 0.147 0.8518 -0.5029 0.9063 0.2656
3.6835 1.5783 -4.14 -0.123 0.8526 -0.5078 0.969 0.5
3
3.683 1.5753 -4.1422 -0.2116 0.4877 -0.847 0.9719 0.5
3.6835 1.5783 -4.14 -0.123 0.8526 -0.5078 0.969 0.5
3.9821 1.576 -4.1361 0.147 0.8518 -0.5029 0.9063 0.2656
3
3.9821 1.576 -4.1361 0.147 0.8518 -0.5029 0.9063 0.2656
3.9827 1.573 -4.1383 0.2396 0.4885 -0.8391 0.9096 0.2639
3.683 1.5753 -4.1422 -0.2116 0.4877 -0.847 0.9719 0.5
3
3.6821 1.5658 -4.146 -0.2383 0.2255 -0.9446 0.9853 0.5
3.683 1.5753 -4.1422 -0.2116 0.4877 -0.847 0.9719 0.5
3.9827 1.573 -4.1383 0.2396 0.4885 -0.8391 0.9096 0.2639
3
3.9827 1.573 -4.1383 0.2396 0.4885 -0.8391 0.9096 0.2639
3.9838 1.5635 -4.142 0.2656 0.2274 -0.9369 0.9213 0.2572
3.6821 1.5658 -4.146 -0.2383 0.2255 -0.9446 0.9853 0.5
3
3.682 1.5623 -4.1462 -0.2402 -0.2398 -0.9406 0.9886 0.5
3.6821 1.5658 -4.146 -0.2383 0.2255 -0.9446 0.9853 0.5
3.9838 1.5635 -4.142 0.2656 0.2274 -0.9369 0.9213 0.2572
3
3.9838 1.5635 -4.142 0.2656 0.2274 -0.9369 0.9213 0.2572
3.9839 1.56 -4.1423 0.2625 -0.2385 -0.935 0.9252 0.2554
3.682 1.5623 -4.1462 -0.2402 -0.2398 -0.9406 0.9886 0.5
3
3.6824 1.5598 -4.1446 -0.1718 -0.7343 -0.6568 0.9916 0.5
3.682 1.5623 -4.1462 -0.2402 -0.2398 -0.9406 0.9886 0.5
3.9839 1.56 -4.1423 0.2625 -0.2385 -0.935 0.9252 0.2554
3
3.9839 1.56 -4.1423 0.2625 -0.2385 -0.935 0.9252 0.2554
3.9835 1.5575 -4.1407 0.18 -0.7349 -0.6539 0.9287 0.2532
3.6824 1.5598 -4.1446 -0.1718 -0.7343 -0.6568 0.9916 0.5
3
3.7005 1.5246 -4.0743 -0.0866 -0.9461 -0.3122 0.9084 0.5
3.6824 1.5598 -4.1446 -0.1718 -0.7343 -0.6568 0.971 0.5
3.9835 1.5575 -4.1407 0.18 -0.7349 -0.6539 0.9079 0.2645
3
3.9835 1.5575 -4.1407 0.18 -0.7349 -0.6539 0.9079 0.2645
3.9639 1.5226 -4.0708 0.0811 -0.9471 -0.3105 0.8537 0.2958
3.7005 1.5246 -4.0743 -0.0866 -0.9461 -0.3122 0.9084 0.5
3
3.7241 1.5088 -3.9816 -0.0476 -0.9866 -0.1563 0.8313 0.5
3.7005 1.5246 -4.0743 -0.0866 -0.9461 -0.3122 0.9084 0.5
3.9639 1.5226 -4.0708 0.0811 -0.9471 -0.3105 0.8537 0.2958
3
3.9639 1.5226 -4.0708 0.0811 -0.9471 -0.3105 0.8537 0.2958
3.938 1.5072 -3.9788 0.0369 -0.9872 -0.1553 0.7869 0.3344
3.7241 1.5088 -3.9816 -0.0476 -0.9866 -0.1563 0.8313 0.5
3
3.938 1.5072 -3.9788 -0.0076 -1.0 0.0019 0.7869 0.3344
3.8258 1.5088 -3.5811 -0.0076 -1.0 0.0019 0.5 0.5
3.7241 1.5088 -3.9816 -0.0076 -1.0 0.0019 0.8313 0.5
3
3.8257 1.5296 -3.5811 0.0076 1.0 -0.0019 0.5 0.5
3.724 1.5296 -3.9815 0.0076 1.0 -0.0019 0.8347 0.5
3.5374 1.5312 -3.877 0.0076 1.0 -0.0019 0.7898 0.6673
3
3.4731 1.5468 -3.943 0.2341 0.9442 0.2316 0.8543 0.7046
3.5374 1.5312 -3.877 0.1212 0.9859 0.115 0.7898 0.6673
3.724 1.5296 -3.9815 0.0476 0.9866 0.1564 0.8347 0.5
3
3.724 1.5296 -3.9815 0.0476 0.9866 0.1564 0.8347 0.5
3.7013 1.5448 -4.0707 0.0872 0.9452 0.3145 0.9092 0.5
3.4731 1.5468 -3.943 0.2341 0.9442 0.2316 0.8543 0.7046
3
3.4249 1.5807 -3.9922 0.1107 0.9884 0.1039 0.9034 0.7329
3.4731 1.5468 -3.943 0.2341 0.9442 0.2316 0.8543 0.7046
3.7013 1.5448 -4.0707 0.0872 0.9452 0.3145 0.9092 0.5
3
3.7013 1.5448 -4.0707 0.0872 0.9452 0.3145 0.9092 0.5
3.6842 1.5785 -4.1373 0.0442 0.9889 0.1418 0.9658 0.5
3.4249 1.5807 -3.9922 0.1107 0.9884 0.1039 0.9034 0.7329
3
3.423 1.5806 -3.9941 -0.36 0.8535 -0.3768 0.9057 0.7342
3.4249 1.5807 -3.9922 0.1107 0.9884 0.1039 0.9034 0.7329
3.6842 1.5785 -4.1373 0.0442 0.9889 0.1418 0.9658 0.5
3
3.6842 1.5785 -4.1373 0.0442 0.9889 0.1418 0.9658 0.5
3.6835 1.5783 -4.14 -0.123 0.8526 -0.5078 0.969 0.5
3.423 1.5806 -3.9941 -0.36 0.8535 -0.3768 0.9057 0.7342
3
3.4214 1.5776 -3.9958 -0.6073 0.4869 -0.6277 0.908 0.7356
3.423 1.5806 -3.9941 -0.36 0.8535 -0.3768 0.9057 0.7342
3.6835 1.5783 -4.14 -0.123 0.8526 -0.5078 0.969 0.5
3
3.6835 1.5783 -4.14 -0.123 0.8526 -0.5078 0.969 0.5
3.683 1.5753 -4.1422 -0.2116 0.4877 -0.847 0.9719 0.5
3.4214 1.5776 -3.9958 -0.6073 0.4869 -0.6277 0.908 0.7356
3
3.4188 1.568 -3.9986 -0.6791 0.2236 -0.6992 0.9196 0.742
3.4214 1.5776 -3.9958 -0.6073 0.4869 -0.6277 0.908 0.7356
3.683 1.5753 -4.1422 -0.2116 0.4877 -0.847 0.9719 0.5
3
3.683 1.5753 -4.1422 -0.2116 0.4877 -0.847 0.9719 0.5
3.6821 1.5658 -4.146 -0.2383 0.2255 -0.9446 0.9853 0.5
3.4188 1.568 -3.9986 -0.6791 0.2236 -0.6992 0.9196 0.742
3
3.4186 1.5646 -3.9988 -0.678 -0.241 -0.6945 0.9222 0.7435
3.4188 1.568 -3.9986 -0.6791 0.2236 -0.6992 0.9196 0.742
3.6821 1.5658 -4.146 -0.2383 0.2255 -0.9446 0.9853 0.5
3
3.6821 1.5658 -4.146 -0.2383 0.2255 -0.9446 0.9853 0.5
3.682 1.5623 -4.1462 -0.2402 -0.2398 -0.9406 0.9886 0.5
3.4186 1.5646 -3.9988 -0.678 -0.241 -0.6945 0.9222 0.7435
3
3.4198 1.5621 -3.9976 -0.4772 -0.7336 -0.4839 0.925 0.7453
3.4186 1.5646 -3.9988 -0.678 -0.241 -0.6945 0.9222 0.7435
3.682 1.5623 -4.1462 -0.2402 -0.2398 -0.9406 0.9886 0.5
3
3.682 1.5623 -4.1462 -0.2402 -0.2398 -0.9406 0.9886 0.5
3.6824 1.5598 -4.1446 -0.1718 -0.7343 -0.6568 0.9916 0.5
3.4198 1.5621 -3.9976 -0.4772 -0.7336 -0.4839 0.925 0.7453
3
3.4706 1.5266 -3.9456 -0.2324 -0.9451 -0.2298 0.8537 0.7042
3.4198 1.5621 -3.9976 -0.4772 -0.7336 -0.4839 0.9079 0.7355
3.6824 1.5598 -4.1446 -0.1718 -0.7343 -0.6568 0.971 0.5
3
3.6824 1.5598 -4.1446 -0.1718 -0.7343 -0.6568 0.971 0.5
3.7005 1.5246 -4.0743 -0.0866 -0.9461 -0.3122 0.9084 0.5
3.4706 1.5266 -3.9456 -0.2324 -0.9451 -0.2298 0.8537 0.7042
3
3.5375 1.5104 -3.8771 -0.1212 -0.986 -0.1149 0.7869 0.6656
3.4706 1.5266 -3.9456 -0.2324 -0.9451 -0.2298 0.8537 0.7042
3.7005 1.5246 -4.0743 -0.0866 -0.9461 -0.3122 0.9084 0.5
3
3.7005 1.5246 -4.0743 -0.0866 -0.9461 -0.3122 0.9084 0.5
3.7241 1.5088 -3.9816 -0.0476 -0.9866 -0.1563 0.8313 0.5
3.5375 1.5104 -3.8771 -0.1212 -0.986 -0.1149 0.7869 0.6656
3
3.7241 1.5088 -3.9816 -0.0076 -1.0 0.0019 0.8313 0.5
3.8258 1.5088 -3.5811 -0.0076 -1.0 0.0019 0.5 0.5
3.5375 1.5104 -3.8771 -0.0076 -1.0 0.0019 0.7869 0.6656
3
3.8257 1.5296 -3.5811 0.0076 1.0 -0.0019 0.5 0.5
3.5374 1.5312 -3.877 0.0076 1.0 -0.0019 0.7898 0.6673
3.428 1.5324 -3.6933 0.0076 1.0 -0.0019 0.6673 0.7898
3
3.3393 1.5482 -3.7182 0.3199 0.9435 0.0866 0.7046 0.8543
3.428 1.5324 -3.6933 0.1643 0.9855 0.0424 0.6673 0.7898
3.5374 1.5312 -3.877 0.1212 0.9859 0.115 0.7898 0.6673
3
3.5374 1.5312 -3.877 0.1212 0.9859 0.115 0.7898 0.6673
3.4731 1.5468 -3.943 0.2341 0.9442 0.2316 0.8543 0.7046
3.3393 1.5482 -3.7182 0.3199 0.9435 0.0866 0.7046 0.8543
3
3.2729 1.5824 -3.7369 0.1495 0.988 0.0381 0.7329 0.9034
3.3393 1.5482 -3.7182 0.3199 0.9435 0.0866 0.7046 0.8543
3.4731 1.5468 -3.943 0.2341 0.9442 0.2316 0.8543 0.7046
3
3.4731 1.5468 -3.943 0.2341 0.9442 0.2316 0.8543 0.7046
3.4249 1.5807 -3.9922 0.1107 0.9884 0.1039 0.9034 0.7329
3.2729 1.5824 -3.7369 0.1495 0.988 0.0381 0.7329 0.9034
3
3.2703 1.5822 -3.7376 -0.4996 0.8542 -0.144 0.7341 0.9056
3.2729 1.5824 -3.7369 0.1495 0.988 0.0381 0.7329 0.9034
3.4249 1.5807 -3.9922 0.1107 0.9884 0.1039 0.9034 0.7329
3
3.4249 1.5807 -3.9922 0.1107 0.9884 0.1039 0.9034 0.7329
3.423 1.5806 -3.9941 -0.36 0.8535 -0.3768 0.9057 0.7342
3.2703 1.5822 -3.7376 -0.4996 0.8542 -0.144 0.7341 0.9056
3
3.2681 1.5792 -3.7382 -0.8405 0.4864 -0.2389 0.7358 0.9081
3.2703 1.5822 -3.7376 -0.4996 0.8542 -0.144 0.7341 0.9056
3.423 1.5806 -3.9941 -0.36 0.8535 -0.3768 0.9057 0.7342
3
3.423 1.5806 -3.9941 -0.36 0.8535 -0.3768 0.9057 0.7342
3.4214 1.5776 -3.9958 -0.6073 0.4869 -0.6277 0.908 0.7356
3.2681 1.5792 -3.7382 -0.8405 0.4864 -0.2389 0.7358 0.9081
3
3.2644 1.5697 -3.7393 -0.9382 0.2222 -0.2655 0.7422 0.9193
3.2681 1.5792 -3.7382 -0.8405 0.4864 -0.2389 0.7358 0.9081
3.4214 1.5776 -3.9958 -0.6073 0.4869 -0.6277 0.908 0.7356
3
3.4214 1.5776 -3.9958 -0.6073 0.4869 -0.6277 0.908 0.7356
3.4188 1.568 -3.9986 -0.6791 0.2236 -0.6992 0.9196 0.742
3.2644 1.5697 -3.7393 -0.9382 0.2222 -0.2655 0.7422 0.9193
3
3.2642 1.5662 -3.7394 -0.934 -0.242 -0.2629 0.7436 0.9218
3.2644 1.5697 -3.7393 -0.9382 0.2222 -0.2655 0.7422 0.9193
3.4188 1.568 -3.9986 -0.6791 0.2236 -0.6992 0.9196 0.742
3
3.4188 1.568 -3.9986 -0.6791 0.2236 -0.6992 0.9196 0.742
3.4186 1.5646 -3.9988 -0.678 -0.241 -0.6945 0.9222 0.7435
3.2642 1.5662 -3.7394 -0.934 -0.242 -0.2629 0.7436 0.9218
3
3.2658 1.5637 -3.7389 -0.6551 -0.7332 -0.1823 0.7454 0.9246
3.2642 1.5662 -3.7394 -0.934 -0.242 -0.2629 0.7436 0.9218
3.4186 1.5646 -3.9988 -0.678 -0.241 -0.6945 0.9222 0.7435
3
3.4186 1.5646 -3.9988 -0.678 -0.241 -0.6945 0.9222 0.7435
3.4198 1.5621 -3.9976 -0.4772 -0.7336 -0.4839 0.925 0.7453
3.2658 1.5637 -3.7389 -0.6551 -0.7332 -0.1823 0.7454 0.9246
3
3.3359 1.5281 -3.7192 -0.3176 -0.9443 -0.0859 0.7042 0.8537
3.2658 1.5637 -3.7389 -0.6551 -0.7332 -0.1823 0.7355 0.9079
3.4198 1.5621 -3.9976 -0.4772 -0.7336 -0.4839 0.9079 0.7355
3
3.4198 1.5621 -3.9976 -0.4772 -0.7336 -0.4839 0.9079 0.7355
3.4706 1.5266 -3.9456 -0.2324 -0.9451 -0.2298 0.8537 0.7042
3.3359 1.5281 -3.7192 -0.3176 -0.9443 -0.0859 0.7042 0.8537
3
3.4281 1.5116 -3.6933 -0.1642 -0.9855 -0.0424 0.6656 0.7869
3.3359 1.5281 -3.7192 -0.3176 -0.9443 -0.0859 0.7042 0.8537
3.4706 1.5266 -3.9456 -0.2324 -0.9451 -0.2298 0.8537 0.7042
3
3.4706 1.5266 -3.9456 -0.2324 -0.9451 -0.2298 0.8537 0.7042
3.5375 1.5104 -3.8771 -0.1212 -0.986 -0.1149 0.7869 0.6656
3.4281 1.5116 -3.6933 -0.1642 -0.9855 -0.0424 0.6656 0.7869
3
3.5375 1.5104 -3.8771 -0.0076 -1.0 0.0019 0.7869 0.6656
3.8258 1.5088 -3.5811 -0.0076 -1.0 0.0019 0.5 0.5
3.4281 1.5116 -3.6933 -0.0076 -1.0 0.0019 0.6656 0.7869
3
3.8257 1.5296 -3.5811 0.0076 1.0 -0.0019 0.5 0.5
3.428 1.5324 -3.6933 0.0076 1.0 -0.0019 0.6673 0.7898
3.4251 1.5328 -3.4794 0.0076 1.0 -0.0019 0.5 0.8347
3
3.3358 1.5488 -3.4568 0.322 0.9432 -0.0817 0.5 0.9092
3.4251 1.5328 -3.4794 0.1654 0.9853 -0.042 0.5 0.8347
3.428 1.5324 -3.6933 0.1643 0.9855 0.0424 0.6673 0.7898
3
3.428 1.5324 -3.6933 0.1643 0.9855 0.0424 0.6673 0.7898
3.3393 1.5482 -3.7182 0.3199 0.9435 0.0866 0.7046 0.8543
3.3358 1.5488 -3.4568 0.322 0.9432 -0.0817 0.5 0.9092
3
3.269 1.583 -3.4398 0.1503 0.9879 -0.0381 0.5 0.9658
3.3358 1.5488 -3.4568 0.322 0.9432 -0.0817 0.5 0.9092
3.3393 1.5482 -3.7182 0.3199 0.9435 0.0866 0.7046 0.8543
3
3.3393 1.5482 -3.7182 0.3199 0.9435 0.0866 0.7046 0.8543
3.2729 1.5824 -3.7369 0.1495 0.988 0.0381 0.7329 0.9034
3.269 1.583 -3.4398 0.1503 0.9879 -0.0381 0.5 0.9658
3
3.2664 1.5828 -3.4391 -0.5036 0.8544 0.1278 0.5 0.9685
3.269 1.583 -3.4398 0.1503 0.9879 -0.0381 0.5 0.9658
3.2729 1.5824 -3.7369 0.1495 0.988 0.0381 0.7329 0.9034
3
3.2729 1.5824 -3.7369 0.1495 0.988 0.0381 0.7329 0.9034
3.2703 1.5822 -3.7376 -0.4996 0.8542 -0.144 0.7341 0.9056
3.2664 1.5828 -3.4391 -0.5036 0.8544 0.1278 0.5 0.9685
3
3.2641 1.5798 -3.4386 -0.847 0.4862 0.215 0.5 0.9714
3.2664 1.5828 -3.4391 -0.5036 0.8544 0.1278 0.5 0.9685
3.2703 1.5822 -3.7376 -0.4996 0.8542 -0.144 0.7341 0.9056
3
3.2703 1.5822 -3.7376 -0.4996 0.8542 -0.144 0.7341 0.9056
3.2681 1.5792 -3.7382 -0.8405 0.4864 -0.2389 0.7358 0.9081
3.2641 1.5798 -3.4386 -0.847 0.4862 0.215 0.5 0.9714
3
3.2604 1.5703 -3.4376 -0.9451 0.2217 0.2399 0.5 0.9844
3.2641 1.5798 -3.4386 -0.847 0.4862 0.215 0.5 0.9714
3.2681 1.5792 -3.7382 -0.8405 0.4864 -0.2389 0.7358 0.9081
3
3.2681 1.5792 -3.7382 -0.8405 0.4864 -0.2389 0.7358 0.9081
3.2644 1.5697 -3.7393 -0.9382 0.2222 -0.2655 0.7422 0.9193
3.2604 1.5703 -3.4376 -0.9451 0.2217 0.2399 0.5 0.9844
3
3.2602 1.5669 -3.4376 -0.9404 -0.2424 0.2387 0.5 0.9876
3.2604 1.5703 -3.4376 -0.9451 0.2217 0.2399 0.5 0.9844
3.2644 1.5697 -3.7393 -0.9382 0.2222 -0.2655 0.7422 0.9193
3
3.2644 1.5697 -3.7393 -0.9382 0.2222 -0.2655 0.7422 0.9193
3.2642 1.5662 -3.7394 -0.934 -0.242 -0.2629 0.7436 0.9218
3.2602 1.5669 -3.4376 -0.9404 -0.2424 0.2387 0.5 0.9876
3
3.2618 1.5643 -3.438 -0.6593 -0.733 0.1674 0.5 0.9914
3.2602 1.5669 -3.4376 -0.9404 -0.2424 0.2387 0.5 0.9876
3.2642 1.5662 -3.7394 -0.934 -0.242 -0.2629 0.7436 0.9218
3
3.2642 1.5662 -3.7394 -0.934 -0.242 -0.2629 0.7436 0.9218
3.2658 1.5637 -3.7389 -0.6551 -0.7332 -0.1823 0.7454 0.9246
3.2618 1.5643 -3.438 -0.6593 -0.733 0.1674 0.5 0.9914
3
3.3324 1.5286 -3.4559 -0.3196 -0.9441 0.0811 0.5 0.9084
3.2618 1.5643 -3.438 -0.6593 -0.733 0.1674 0.5 0.971
3.2658 1.5637 -3.7389 -0.6551 -0.7332 -0.1823 0.7355 0.9079
3
3.2658 1.5637 -3.7389 -0.6551 -0.7332 -0.1823 0.7355 0.9079
3.3359 1.5281 -3.7192 -0.3176 -0.9443 -0.0859 0.7042 0.8537
3.3324 1.5286 -3.4559 -0.3196 -0.9441 0.0811 0.5 0.9084
3
3.4252 1.512 -3.4795 -0.1653 -0.9854 0.042 0.5 0.8313
3.3324 1.5286 -3.4559 -0.3196 -0.9441 0.0811 0.5 0.9084
3.3359 1.5281 -3.7192 -0.3176 -0.9443 -0.0859 0.7042 0.8537
3
3.3359 1.5281 -3.7192 -0.3176 -0.9443 -0.0859 0.7042 0.8537
3.4281 1.5116 -3.6933 -0.1642 -0.9855 -0.0424 0.6656 0.7869
3.4252 1.512 -3.4795 -0.1653 -0.9854 0.042 0.5 0.8313
3
3.4281 1.5116 -3.6933 -0.0076 -1.0 0.0019 0.6656 0.7869
3.8258 1.5088 -3.5811 -0.0076 -1.0 0.0019 0.5 0.5
3.4252 1.512 -3.4795 -0.0076 -1.0 0.0019 0.5 0.8313
3
3.8257 1.5296 -3.5811 0.0076 1.0 -0.0019 0.5 0.5
3.4251 1.5328 -3.4794 0.0076 1.0 -0.0019 0.5 0.8347
3.5296 1.5324 -3.2928 0.0076 1.0 -0.0019 0.3327 0.7898
3
3.4636 1.5482 -3.2286 0.2399 0.9435 -0.2287 0.2954 0.8543
3.5296 1.5324 -3.2928 0.1242 0.9855 -0.1156 0.3327 0.7898
3.4251 1.5328 -3.4794 0.1654 0.9853 -0.042 0.5 0.8347
3
3.4251 1.5328 -3.4794 0.1654 0.9853 -0.042 0.5 0.8347
3.3358 1.5488 -3.4568 0.322 0.9432 -0.0817 0.5 0.9092
3.4636 1.5482 -3.2286 0.2399 0.9435 -0.2287 0.2954 0.8543
3
3.4142 1.5824 -3.1806 0.1132 0.988 -0.1048 0.2671 0.9034
3.4636 1.5482 -3.2286 0.2399 0.9435 -0.2287 0.2954 0.8543
3.3358 1.5488 -3.4568 0.322 0.9432 -0.0817 0.5 0.9092
3
3.3358 1.5488 -3.4568 0.322 0.9432 -0.0817 0.5 0.9092
3.269 1.583 -3.4398 0.1503 0.9879 -0.0381 0.5 0.9658
3.4142 1.5824 -3.1806 0.1132 0.988 -0.1048 0.2671 0.9034
3
3.4122 1.5822 -3.1787 -0.3704 0.8542 0.3648 0.2656 0.9058
3.4142 1.5824 -3.1806 0.1132 0.988 -0.1048 0.2671 0.9034
3.269 1.583 -3.4398 0.1503 0.9879 -0.0381 0.5 0.9658
3
3.269 1.583 -3.4398 0.1503 0.9879 -0.0381 0.5 0.9658
3.2664 1.5828 -3.4391 -0.5036 0.8544 0.1278 0.5 0.9685
3.4122 1.5822 -3.1787 -0.3704 0.8542 0.3648 0.2656 0.9058
3
3.4106 1.5792 -3.1771 -0.6247 0.4864 0.6109 0.2639 0.9082
3.4122 1.5822 -3.1787 -0.3704 0.8542 0.3648 0.2656 0.9058
3.2664 1.5828 -3.4391 -0.5036 0.8544 0.1278 0.5 0.9685
3
3.2664 1.5828 -3.4391 -0.5036 0.8544 0.1278 0.5 0.9685
3.2641 1.5798 -3.4386 -0.847 0.4862 0.215 0.5 0.9714
3.4106 1.5792 -3.1771 -0.6247 0.4864 0.6109 0.2639 0.9082
3
3.4078 1.5697 -3.1744 -0.6979 0.2222 0.6809 0.2572 0.9195
3.4106 1.5792 -3.1771 -0.6247 0.4864 0.6109 0.2639 0.9082
3.2641 1.5798 -3.4386 -0.847 0.4862 0.215 0.5 0.9714
3
3.2641 1.5798 -3.4386 -0.847 0.4862 0.215 0.5 0.9714
3.2604 1.5703 -3.4376 -0.9451 0.2217 0.2399 0.5 0.9844
3.4078 1.5697 -3.1744 -0.6979 0.2222 0.6809 0.2572 0.9195
3
3.4077 1.5662 -3.1742 -0.6955 -0.242 0.6765 0.2556 0.922
3.4078 1.5697 -3.1744 -0.6979 0.2222 0.6809 0.2572 0.9195
3.2604 1.5703 -3.4376 -0.9451 0.2217 0.2399 0.5 0.9844
3
3.2604 1.5703 -3.4376 -0.9451 0.2217 0.2399 0.5 0.9844
3.2602 1.5669 -3.4376 -0.9404 -0.2424 0.2387 0.5 0.9876
3.4077 1.5662 -3.1742 -0.6955 -0.242 0.6765 0.2556 0.922
3
3.4089 1.5637 -3.1754 -0.4888 -0.7332 0.4727 0.2538 0.9251
3.4077 1.5662 -3.1742 -0.6955 -0.242 0.6765 0.2556 0.922
3.2602 1.5669 -3.4376 -0.9404 -0.2424 0.2387 0.5 0.9876
3
3.2602 1.5669 -3.4376 -0.9404 -0.2424 0.2387 0.5 0.9876
3.2618 1.5643 -3.438 -0.6593 -0.733 0.1674 0.5 0.9914
3.4089 1.5637 -3.1754 -0.4888 -0.7332 0.4727 0.2538 0.9251
3
3.4611 1.5281 -3.2261 -0.2381 -0.9443 0.227 0.2958 0.8537
3.4089 1.5637 -3.1754 -0.4888 -0.7332 0.4727 0.2645 0.9079
3.2618 1.5643 -3.438 -0.6593 -0.733 0.1674 0.5 0.971
3
3.2618 1.5643 -3.438 -0.6593 -0.733 0.1674 0.5 0.971
3.3324 1.5286 -3.4559 -0.3196 -0.9441 0.0811 0.5 0.9084
3.4611 1.5281 -3.2261 -0.2381 -0.9443 0.227 0.2958 0.8537
3
3.5297 1.5116 -3.2929 -0.1241 -0.9855 0.1156 0.3344 0.7869
3.4611 1.5281 -3.2261 -0.2381 -0.9443 0.227 0.2958 0.8537
3.3324 1.5286 -3.4559 -0.3196 -0.9441 0.0811 0.5 0.9084
3
3.3324 1.5286 -3.4559 -0.3196 -0.9441 0.0811 0.5 0.9084
3.4252 1.512 -3.4795 -0.1653 -0.9854 0.042 0.5 0.8313
3.5297 1.5116 -3.2929 -0.1241 -0.9855 0.1156 0.3344 0.7869
3
3.4252 1.512 -3.4795 -0.0076 -1.0 0.0019 0.5 0.8313
3.8258 1.5088 -3.5811 -0.0076 -1.0 0.0019 0.5 0.5
3.5297 1.5116 -3.2929 -0.0076 -1.0 0.0019 0.3344 0.7869
3
3.8257 1.5296 -3.5811 0.0076 1.0 -0.0019 0.5 0.5
3.5296 1.5324 -3.2928 0.0076 1.0 -0.0019 0.3327 0.7898
3.7134 1.5312 -3.1835 0.0076 1.0 -0.0019 0.2102 0.6673
3
3.6884 1.5468 -3.0949 0.0953 0.9442 -0.3152 0.1457 0.7046
3.7134 1.5312 -3.1835 0.0517 0.9859 -0.1589 0.2102 0.6673
3.5296 1.5324 -3.2928 0.1242 0.9855 -0.1156 0.3327 0.7898
3
3.5296 1.5324 -3.2928 0.1242 0.9855 -0.1156 0.3327 0.7898
3.4636 1.5482 -3.2286 0.2399 0.9435 -0.2287 0.2954 0.8543
3.6884 1.5468 -3.0949 0.0953 0.9442 -0.3152 0.1457 0.7046
3
3.6695 1.5807 -3.0287 0.0478 0.9884 -0.1441 0.0966 0.7329
3.6884 1.5468 -3.0949 0.0953 0.9442 -0.3152 0.1457 0.7046
3.4636 1.5482 -3.2286 0.2399 0.9435 -0.2287 0.2954 0.8543
3
3.4636 1.5482 -3.2286 0.2399 0.9435 -0.2287 0.2954 0.8543
3.4142 1.5824 -3.1806 0.1132 0.988 -0.1048 0.2671 0.9034
3.6695 1.5807 -3.0287 0.0478 0.9884 -0.1441 0.0966 0.7329
3
3.6688 1.5806 -3.026 -0.1367 0.8535 0.5028 0.094 0.7344
3.6695 1.5807 -3.0287 0.0478 0.9884 -0.1441 0.0966 0.7329
3.4142 1.5824 -3.1806 0.1132 0.988 -0.1048 0.2671 0.9034
3
3.4142 1.5824 -3.1806 0.1132 0.988 -0.1048 0.2671 0.9034
3.4122 1.5822 -3.1787 -0.3704 0.8542 0.3648 0.2656 0.9058
3.6688 1.5806 -3.026 -0.1367 0.8535 0.5028 0.094 0.7344
3
3.6682 1.5776 -3.0238 -0.2344 0.4869 0.8414 0.0918 0.7358
3.6688 1.5806 -3.026 -0.1367 0.8535 0.5028 0.094 0.7344
3.4122 1.5822 -3.1787 -0.3704 0.8542 0.3648 0.2656 0.9058
3
3.4122 1.5822 -3.1787 -0.3704 0.8542 0.3648 0.2656 0.9058
3.4106 1.5792 -3.1771 -0.6247 0.4864 0.6109 0.2639 0.9082
3.6682 1.5776 -3.0238 -0.2344 0.4869 0.8414 0.0918 0.7358
3
3.6672 1.568 -3.0201 -0.2634 0.2236 0.9384 0.0804 0.7422
3.6682 1.5776 -3.0238 -0.2344 0.4869 0.8414 0.0918 0.7358
3.4106 1.5792 -3.1771 -0.6247 0.4864 0.6109 0.2639 0.9082
3
3.4106 1.5792 -3.1771 -0.6247 0.4864 0.6109 0.2639 0.9082
3.4078 1.5697 -3.1744 -0.6979 0.2222 0.6809 0.2572 0.9195
3.6672 1.568 -3.0201 -0.2634 0.2236 0.9384 0.0804 0.7422
3
3.6671 1.5646 -3.0199 -0.2646 -0.2411 0.9337 0.0773 0.744
3.6672 1.568 -3.0201 -0.2634 0.2236 0.9384 0.0804 0.7422
3.4078 1.5697 -3.1744 -0.6979 0.2222 0.6809 0.2572 0.9195
3
3.4078 1.5697 -3.1744 -0.6979 0.2222 0.6809 0.2572 0.9195
3.4077 1.5662 -3.1742 -0.6955 -0.242 0.6765 0.2556 0.922
3.6671 1.5646 -3.0199 -0.2646 -0.2411 0.9337 0.0773 0.744
3
3.6676 1.5621 -3.0215 -0.1886 -0.7336 0.6529 0.0743 0.746
3.6671 1.5646 -3.0199 -0.2646 -0.2411 0.9337 0.0773 0.744
3.4077 1.5662 -3.1742 -0.6955 -0.242 0.6765 0.2556 0.922
3
3.4077 1.5662 -3.1742 -0.6955 -0.242 0.6765 0.2556 0.922
3.4089 1.5637 -3.1754 -0.4888 -0.7332 0.4727 0.2538 0.9251
3.6676 1.5621 -3.0215 -0.1886 -0.7336 0.6529 0.0743 0.746
3
3.6875 1.5266 -3.0914 -0.0947 -0.9451 0.3129 0.1463 0.7042
3.6676 1.5621 -3.0215 -0.1886 -0.7336 0.6529 0.0921 0.7355
3.4089 1.5637 -3.1754 -0.4888 -0.7332 0.4727 0.2645 0.9079
3
3.4089 1.5637 -3.1754 -0.4888 -0.7332 0.4727 0.2645 0.9079
3.4611 1.5281 -3.2261 -0.2381 -0.9443 0.227 0.2958 0.8537
3.6875 1.5266 -3.0914 -0.0947 -0.9451 0.3129 0.1463 0.7042
3
3.7135 1.5104 -3.1835 -0.0517 -0.986 0.1588 0.2131 0.6656
3.6875 1.5266 -3.0914 -0.0947 -0.9451 0.3129 0.1463 0.7042
3.4611 1.5281 -3.2261 -0.2381 -0.9443 0.227 0.2958 0.8537
3
3.4611 1.5281 -3.2261 -0.2381 -0.9443 0.227 0.2958 0.8537
3.5297 1.5116 -3.2929 -0.1241 -0.9855 0.1156 0.3344 0.7869
3.7135 1.5104 -3.1835 -0.0517 -0.986 0.1588 0.2131 0.6656
3
3.5297 1.5116 -3.2929 -0.0076 -1.0 0.0019 0.3344 0.7869
3.8258 1.5088 -3.5811 -0.0076 -1.0 0.0019 0.5 0.5
3.7135 1.5104 -3.1835 -0.0076 -1.0 0.0019 0.2131 0.6656
3
3.8257 1.5296 -3.5811 0.0076 1.0 -0.0019 0.5 0.5
3.7134 1.5312 -3.1835 0.0076 1.0 -0.0019 0.2102 0.6673
3.9273 1.5296 -3.1807 0.0076 1.0 -0.0019 0.1653 0.5
3
3.9499 1.5448 -3.0915 -0.0734 0.9452 -0.3181 0.0908 0.5
3.9273 1.5296 -3.1807 -0.0327 0.9866 -0.1601 0.1653 0.5
3.7134 1.5312 -3.1835 0.0517 0.9859 -0.1589 0.2102 0.6673
3
3.7134 1.5312 -3.1835 0.0517 0.9859 -0.1589 0.2102 0.6673
3.6884 1.5468 -3.0949 0.0953 0.9442 -0.3152 0.1457 0.7046
3.9499 1.5448 -3.0915 -0.0734 0.9452 -0.3181 0.0908 0.5
3
3.9666 1.5785 -3.0248 -0.0288 0.9889 -0.1457 0.0342 0.5
3.9499 1.5448 -3.0915 -0.0734 0.9452 -0.3181 0.0908 0.5
3.6884 1.5468 -3.0949 0.0953 0.9442 -0.3152 0.1457 0.7046
3
3.6884 1.5468 -3.0949 0.0953 0.9442 -0.3152 0.1457 0.7046
3.6695 1.5807 -3.0287 0.0478 0.9884 -0.1441 0.0966 0.7329
3.9666 1.5785 -3.0248 -0.0288 0.9889 -0.1457 0.0342 0.5
3
3.9673 1.5783 -3.0221 0.1341 0.8526 0.505 0.0314 0.5
3.9666 1.5785 -3.0248 -0.0288 0.9889 -0.1457 0.0342 0.5
3.6695 1.5807 -3.0287 0.0478 0.9884 -0.1441 0.0966 0.7329
3
3.6695 1.5807 -3.0287 0.0478 0.9884 -0.1441 0.0966 0.7329
3.6688 1.5806 -3.026 -0.1367 0.8535 0.5028 0.094 0.7344
3.9673 1.5783 -3.0221 0.1341 0.8526 0.505 0.0314 0.5
3
3.9679 1.5753 -3.0199 0.218 0.4877 0.8454 0.0285 0.5
3.9673 1.5783 -3.0221 0.1341 0.8526 0.505 0.0314 0.5
3.6688 1.5806 -3.026 -0.1367 0.8535 0.5028 0.094 0.7344
3
3.6688 1.5806 -3.026 -0.1367 0.8535 0.5028 0.094 0.7344
3.6682 1.5776 -3.0238 -0.2344 0.4869 0.8414 0.0918 0.7358
3.9679 1.5753 -3.0199 0.218 0.4877 0.8454 0.0285 0.5
3
3.9689 1.5658 -3.0162 0.2411 0.2255 0.9439 0.0154 0.5
3.9679 1.5753 -3.0199 0.218 0.4877 0.8454 0.0285 0.5
3.6682 1.5776 -3.0238 -0.2344 0.4869 0.8414 0.0918 0.7358
3
3.6682 1.5776 -3.0238 -0.2344 0.4869 0.8414 0.0918 0.7358
3.6672 1.568 -3.0201 -0.2634 0.2236 0.9384 0.0804 0.7422
3.9689 1.5658 -3.0162 0.2411 0.2255 0.9439 0.0154 0.5
3
3.969 1.5623 -3.0159 0.2375 -0.2398 0.9413 0.0116 0.5
3.9689 1.5658 -3.0162 0.2411 0.2255 0.9439 0.0154 0.5
3.6672 1.568 -3.0201 -0.2634 0.2236 0.9384 0.0804 0.7422
3
3.6672 1.568 -3.0201 -0.2634 0.2236 0.9384 0.0804 0.7422
3.6671 1.5646 -3.0199 -0.2646 -0.2411 0.9337 0.0773 0.744
3.969 1.5623 -3.0159 0.2375 -0.2398 0.9413 0.0116 0.5
3
3.9686 1.5598 -3.0175 0.1623 -0.7343 0.6592 0.0079 0.5
3.969 1.5623 -3.0159 0.2375 -0.2398 0.9413 0.0116 0.5
3.6671 1.5646 -3.0199 -0.2646 -0.2411 0.9337 0.0773 0.744
3
3.6671 1.5646 -3.0199 -0.2646 -0.2411 0.9337 0.0773 0.744
3.6676 1.5621 -3.0215 -0.1886 -0.7336 0.6529 0.0743 0.746
3.9686 1.5598 -3.0175 0.1623 -0.7343 0.6592 0.0079 0.5
3
3.9509 1.5246 -3.088 0.0728 -0.9461 0.3157 0.0916 0.5
3.9686 1.5598 -3.0175 0.1623 -0.7343 0.6592 0.029 0.5
3.6676 1.5621 -3.0215 -0.1886 -0.7336 0.6529 0.0921 0.7355
3
3.6676 1.5621 -3.0215 -0.1886 -0.7336 0.6529 0.0921 0.7355
3.6875 1.5266 -3.0914 -0.0947 -0.9451 0.3129 0.1463 0.7042
3.9509 1.5246 -3.088 0.0728 -0.9461 0.3157 0.0916 0.5
3
3.9274 1.5088 -3.1807 0.0327 -0.9866 0.16 0.1687 0.5
3.9509 1.5246 -3.088 0.0728 -0.9461 0.3157 0.0916 0.5
3.6875 1.5266 -3.0914 -0.0947 -0.9451 0.3129 0.1463 0.7042
3
3.6875 1.5266 -3.0914 -0.0947 -0.9451 0.3129 0.1463 0.7042
3.7135 1.5104 -3.1835 -0.0517 -0.986 0.1588 0.2131 0.6656
3.9274 1.5088 -3.1807 0.0327 -0.9866 0.16 0.1687 0.5
3
3.7135 1.5104 -3.1835 -0.0076 -1.0 0.0019 0.2131 0.6656
3.8258 1.5088 -3.5811 -0.0076 -1.0 0.0019 0.5 0.5
3.9274 1.5088 -3.1807 -0.0076 -1.0 0.0019 0.1687 0.5
