315
3
4.5677 1.5208 -4.527 0.6158 -0.1019 0.7813 0.5906 0.0421
4.5704 1.563 -4.5236 0.616 -0.0992 0.7815 0.6073 0.0401
4.5038 1.563 -4.4907 0.2448 -0.0992 0.9645 0.6131 0.1001
3
4.5038 1.563 -4.4907 0.2448 -0.0992 0.9645 0.6131 0.1001
4.5027 1.5208 -4.4949 0.2448 -0.1019 0.9642 0.5966 0.1015
4.5677 1.5208 -4.527 0.6158 -0.1019 0.7813 0.5906 0.0421
3
4.614 1.5208 -4.5827 0.8803 -0.1019 0.4633 0.6011 0.9107
4.6178 1.563 -4.5807 0.8806 -0.0992 0.4634 0.6176 0.912
4.5704 1.563 -4.5236 0.616 -0.0992 0.7815 0.6127 0.9717
3
4.5704 1.563 -4.5236 0.616 -0.0992 0.7815 0.6127 0.9717
4.5677 1.5208 -4.527 0.6158 -0.1019 0.7813 0.5959 0.97
4.614 1.5208 -4.5827 0.8803 -0.1019 0.4633 0.6011 0.9107
3
4.6337 1.5208 -4.6524 0.9927 -0.1019 0.0652 0.6015 0.851
4.638 1.563 -4.6521 0.9929 -0.0992 0.0652 0.6181 0.8518
4.6178 1.563 -4.5807 0.8806 -0.0992 0.4634 0.6176 0.912
3
4.6178 1.563 -4.5807 0.8806 -0.0992 0.4634 0.6176 0.912
4.614 1.5208 -4.5827 0.8803 -0.1019 0.4633 0.6011 0.9107
4.6337 1.5208 -4.6524 0.9927 -0.1019 0.0652 0.6015 0.851
3
4.6233 1.5208 -4.7241 0.9333 -0.1019 -0.3442 0.6018 0.7905
4.6274 1.563 -4.7256 0.9336 -0.0992 -0.3443 0.6185 0.791
4.638 1.563 -4.6521 0.9929 -0.0992 0.0652 0.6181 0.8518
3
4.638 1.563 -4.6521 0.9929 -0.0992 0.0652 0.6181 0.8518
4.6337 1.5208 -4.6524 0.9927 -0.1019 0.0652 0.6015 0.851
4.6233 1.5208 -4.7241 0.9333 -0.1019 -0.3442 0.6018 0.7905
3
4.5846 1.5208 -4.7854 0.7126 -0.1019 -0.6941 0.6019 0.7286
4.5877 1.563 -4.7884 0.7128 -0.0992 -0.6943 0.6186 0.729
4.6274 1.563 -4.7256 0.9336 -0.0992 -0.3443 0.6185 0.791
3
4.6274 1.563 -4.7256 0.9336 -0.0992 -0.3443 0.6185 0.791
4.6233 1.5208 -4.7241 0.9333 -0.1019 -0.3442 0.6018 0.7905
4.5846 1.5208 -4.7854 0.7126 -0.1019 -0.6941 0.6019 0.7286
3
4.5244 1.5208 -4.8257 0.3687 -0.1019 -0.9239 0.6019 0.6658
4.526 1.563 -4.8297 0.3688 -0.0992 -0.9242 0.6186 0.666
4.5877 1.563 -4.7884 0.7128 -0.0992 -0.6943 0.6186 0.729
3
4.5877 1.563 -4.7884 0.7128 -0.0992 -0.6943 0.6186 0.729
4.5846 1.5208 -4.7854 0.7126 -0.1019 -0.6941 0.6019 0.7286
4.5244 1.5208 -4.8257 0.3687 -0.1019 -0.9239 0.6019 0.6658
3
4.453 1.5208 -4.8379 -0.039 -0.1019 -0.994 0.6019 0.6023
4.4528 1.563 -4.8423 -0.039 -0.0992 -0.9943 0.6186 0.6023
4.526 1.563 -4.8297 0.3688 -0.0992 -0.9242 0.6186 0.666
3
4.526 1.563 -4.8297 0.3688 -0.0992 -0.9242 0.6186 0.666
4.5244 1.5208 -4.8257 0.3687 -0.1019 -0.9239 0.6019 0.6658
4.453 1.5208 -4.8379 -0.039 -0.1019 -0.994 0.6019 0.6023
3
4.3828 1.5208 -4.8201 -0.4399 -0.1019 -0.8922 0.6017 0.5383
4.3809 1.563 -4.824 -0.44 -0.0992 -0.8925 0.6184 0.5383
4.4528 1.563 -4.8423 -0.039 -0.0992 -0.9943 0.6186 0.6023
3
4.4528 1.563 -4.8423 -0.039 -0.0992 -0.9943 0.6186 0.6023
4.453 1.5208 -4.8379 -0.039 -0.1019 -0.994 0.6019 0.6023
4.3828 1.5208 -4.8201 -0.4399 -0.1019 -0.8922 0.6017 0.5383
3
4.3259 1.5208 -4.7753 -0.7648 -0.1019 -0.6362 0.6015 0.4742
4.3225 1.563 -4.778 -0.765 -0.0992 -0.6364 0.6182 0.4741
4.3809 1.563 -4.824 -0.44 -0.0992 -0.8925 0.6184 0.5383
3
4.3809 1.563 -4.824 -0.44 -0.0992 -0.8925 0.6184 0.5383
4.3828 1.5208 -4.8201 -0.4399 -0.1019 -0.8922 0.6017 0.5383
4.3259 1.5208 -4.7753 -0.7648 -0.1019 -0.6362 0.6015 0.4742
3
4.2921 1.5208 -4.7111 -0.9574 -0.1019 -0.2701 0.6011 0.4102
4.288 1.563 -4.7123 -0.9577 -0.0992 -0.2702 0.6178 0.41
4.3225 1.563 -4.778 -0.765 -0.0992 -0.6364 0.6182 0.4741
3
4.3225 1.563 -4.778 -0.765 -0.0992 -0.6364 0.6182 0.4741
4.3259 1.5208 -4.7753 -0.7648 -0.1019 -0.6362 0.6015 0.4742
4.2921 1.5208 -4.7111 -0.9574 -0.1019 -0.2701 0.6011 0.4102
3
4.2874 1.5208 -4.6388 -0.9845 -0.1019 0.1426 0.6006 0.3467
4.2831 1.563 -4.6382 -0.9848 -0.0992 0.1427 0.6173 0.3464
4.288 1.563 -4.7123 -0.9577 -0.0992 -0.2702 0.6178 0.41
3
4.288 1.563 -4.7123 -0.9577 -0.0992 -0.2702 0.6178 0.41
4.2921 1.5208 -4.7111 -0.9574 -0.1019 -0.2701 0.6011 0.4102
4.2874 1.5208 -4.6388 -0.9845 -0.1019 0.1426 0.6006 0.3467
3
4.3124 1.5208 -4.5709 -0.8414 -0.1019 0.5307 0.5999 0.2838
4.3088 1.563 -4.5686 -0.8416 -0.0992 0.5309 0.6166 0.2834
4.2831 1.563 -4.6382 -0.9848 -0.0992 0.1427 0.6173 0.3464
3
4.2831 1.563 -4.6382 -0.9848 -0.0992 0.1427 0.6173 0.3464
4.2874 1.5208 -4.6388 -0.9845 -0.1019 0.1426 0.6006 0.3467
4.3124 1.5208 -4.5709 -0.8414 -0.1019 0.5307 0.5999 0.2838
3
4.363 1.5208 -4.519 -0.5528 -0.1019 0.8271 0.599 0.222
4.3606 1.563 -4.5154 -0.5529 -0.0992 0.8273 0.6157 0.2213
4.3088 1.563 -4.5686 -0.8416 -0.0992 0.5309 0.6166 0.2834
3
4.3088 1.563 -4.5686 -0.8416 -0.0992 0.5309 0.6166 0.2834
4.3124 1.5208 -4.5709 -0.8414 -0.1019 0.5307 0.5999 0.2838
4.363 1.5208 -4.519 -0.5528 -0.1019 0.8271 0.599 0.222
3
4.4303 1.5208 -4.4921 -0.1686 -0.1019 0.9804 0.5979 0.1613
4.4296 1.563 -4.4878 -0.1686 -0.0992 0.9807 0.6145 0.1604
4.3606 1.563 -4.5154 -0.5529 -0.0992 0.8273 0.6157 0.2213
3
4.3606 1.563 -4.5154 -0.5529 -0.0992 0.8273 0.6157 0.2213
4.363 1.5208 -4.519 -0.5528 -0.1019 0.8271 0.599 0.222
4.4303 1.5208 -4.4921 -0.1686 -0.1019 0.9804 0.5979 0.1613
3
4.5027 1.5208 -4.4949 0.2448 -0.1019 0.9642 0.5966 0.1015
4.5038 1.563 -4.4907 0.2448 -0.0992 0.9645 0.6131 0.1001
4.4296 1.563 -4.4878 -0.1686 -0.0992 0.9807 0.6145 0.1604
3
4.4296 1.563 -4.4878 -0.1686 -0.0992 0.9807 0.6145 0.1604
4.4303 1.5208 -4.4921 -0.1686 -0.1019 0.9804 0.5979 0.1613
4.5027 1.5208 -4.4949 0.2448 -0.1019 0.9642 0.5966 0.1015
3
4.4969 1.5045 -4.5179 0.0 -1.0 -0.0 0.156 0.4319
4.553 1.5045 -4.5456 0.0 -1.0 -0.0 0.1282 0.4382
4.5558 1.5045 -4.542 0.0 -1.0 -0.0 0.1024 0.3825
3
4.5558 1.5045 -4.542 0.0 -1.0 -0.0 0.1024 0.3825
4.498 1.5045 -4.5135 0.0 -1.0 -0.0 0.1551 0.3706
4.4969 1.5045 -4.5179 0.0 -1.0 -0.0 0.156 0.4319
3
4.553 1.5045 -4.5456 0.0 -1.0 -0.0 0.1282 0.4382
4.5931 1.5045 -4.5937 0.0 -1.0 -0.0 0.1054 0.4553
4.5971 1.5045 -4.5916 0.0 -1.0 -0.0 0.0591 0.4149
3
4.5971 1.5045 -4.5916 0.0 -1.0 -0.0 0.0591 0.4149
4.5558 1.5045 -4.542 0.0 -1.0 -0.0 0.1024 0.3825
4.553 1.5045 -4.5456 0.0 -1.0 -0.0 0.1282 0.4382
3
4.5931 1.5045 -4.5937 0.0 -1.0 -0.0 0.1054 0.4553
4.6101 1.5045 -4.654 0.0 -1.0 -0.0 0.0915 0.4801
4.6146 1.5045 -4.6537 0.0 -1.0 -0.0 0.0328 0.462
3
4.6146 1.5045 -4.6537 0.0 -1.0 -0.0 0.0328 0.462
4.5971 1.5045 -4.5916 0.0 -1.0 -0.0 0.0591 0.4149
4.5931 1.5045 -4.5937 0.0 -1.0 -0.0 0.1054 0.4553
3
4.6101 1.5045 -4.654 0.0 -1.0 -0.0 0.0915 0.4801
4.6011 1.5045 -4.7159 0.0 -1.0 -0.0 0.0889 0.5084
4.6053 1.5045 -4.7175 0.0 -1.0 -0.0 0.0279 0.5157
3
4.6053 1.5045 -4.7175 0.0 -1.0 -0.0 0.0279 0.5157
4.6146 1.5045 -4.6537 0.0 -1.0 -0.0 0.0328 0.462
4.6101 1.5045 -4.654 0.0 -1.0 -0.0 0.0915 0.4801
3
4.6011 1.5045 -4.7159 0.0 -1.0 -0.0 0.0889 0.5084
4.5677 1.5045 -4.7689 0.0 -1.0 -0.0 0.0981 0.5354
4.5709 1.5045 -4.772 0.0 -1.0 -0.0 0.0453 0.5668
3
4.5709 1.5045 -4.772 0.0 -1.0 -0.0 0.0453 0.5668
4.6053 1.5045 -4.7175 0.0 -1.0 -0.0 0.0279 0.5157
4.6011 1.5045 -4.7159 0.0 -1.0 -0.0 0.0889 0.5084
3
4.5677 1.5045 -4.7689 0.0 -1.0 -0.0 0.0981 0.5354
4.5156 1.5045 -4.8037 0.0 -1.0 -0.0 0.1174 0.5563
4.5173 1.5045 -4.8079 0.0 -1.0 -0.0 0.082 0.6064
3
4.5173 1.5045 -4.8079 0.0 -1.0 -0.0 0.082 0.6064
4.5709 1.5045 -4.772 0.0 -1.0 -0.0 0.0453 0.5668
4.5677 1.5045 -4.7689 0.0 -1.0 -0.0 0.0981 0.5354
3
4.5156 1.5045 -4.8037 0.0 -1.0 -0.0 0.1174 0.5563
4.4539 1.5045 -4.8143 0.0 -1.0 -0.0 0.1436 0.5675
4.4537 1.5045 -4.8188 0.0 -1.0 -0.0 0.1317 0.6277
3
4.4537 1.5045 -4.8188 0.0 -1.0 -0.0 0.1317 0.6277
4.5173 1.5045 -4.8079 0.0 -1.0 -0.0 0.082 0.6064
4.5156 1.5045 -4.8037 0.0 -1.0 -0.0 0.1174 0.5563
3
4.4539 1.5045 -4.8143 0.0 -1.0 -0.0 0.1436 0.5675
4.3932 1.5045 -4.7989 0.0 -1.0 -0.0 0.1721 0.5671
4.3912 1.5045 -4.8029 0.0 -1.0 -0.0 0.1857 0.6269
3
4.3912 1.5045 -4.8029 0.0 -1.0 -0.0 0.1857 0.6269
4.4537 1.5045 -4.8188 0.0 -1.0 -0.0 0.1317 0.6277
4.4539 1.5045 -4.8143 0.0 -1.0 -0.0 0.1436 0.5675
3
4.3932 1.5045 -4.7989 0.0 -1.0 -0.0 0.1721 0.5671
4.3441 1.5045 -4.7601 0.0 -1.0 -0.0 0.198 0.5551
4.3406 1.5045 -4.763 0.0 -1.0 -0.0 0.2348 0.6043
3
4.3406 1.5045 -4.763 0.0 -1.0 -0.0 0.2348 0.6043
4.3912 1.5045 -4.8029 0.0 -1.0 -0.0 0.1857 0.6269
4.3932 1.5045 -4.7989 0.0 -1.0 -0.0 0.1721 0.5671
3
4.3441 1.5045 -4.7601 0.0 -1.0 -0.0 0.198 0.5551
4.3149 1.5045 -4.7047 0.0 -1.0 -0.0 0.2167 0.5337
4.3106 1.5045 -4.7059 0.0 -1.0 -0.0 0.2704 0.5637
3
4.3106 1.5045 -4.7059 0.0 -1.0 -0.0 0.2704 0.5637
4.3406 1.5045 -4.763 0.0 -1.0 -0.0 0.2348 0.6043
4.3441 1.5045 -4.7601 0.0 -1.0 -0.0 0.198 0.5551
3
4.3149 1.5045 -4.7047 0.0 -1.0 -0.0 0.2167 0.5337
4.3108 1.5045 -4.6422 0.0 -1.0 -0.0 0.2252 0.5066
4.3063 1.5045 -4.6416 0.0 -1.0 -0.0 0.2863 0.5121
3
4.3063 1.5045 -4.6416 0.0 -1.0 -0.0 0.2863 0.5121
4.3106 1.5045 -4.7059 0.0 -1.0 -0.0 0.2704 0.5637
4.3149 1.5045 -4.7047 0.0 -1.0 -0.0 0.2167 0.5337
3
4.3108 1.5045 -4.6422 0.0 -1.0 -0.0 0.2252 0.5066
4.3325 1.5045 -4.5835 0.0 -1.0 -0.0 0.2218 0.4783
4.3286 1.5045 -4.5811 0.0 -1.0 -0.0 0.28 0.4585
3
4.3286 1.5045 -4.5811 0.0 -1.0 -0.0 0.28 0.4585
4.3063 1.5045 -4.6416 0.0 -1.0 -0.0 0.2863 0.5121
4.3108 1.5045 -4.6422 0.0 -1.0 -0.0 0.2252 0.5066
3
4.3325 1.5045 -4.5835 0.0 -1.0 -0.0 0.2218 0.4783
4.3761 1.5045 -4.5386 0.0 -1.0 -0.0 0.2072 0.4539
4.3736 1.5045 -4.5349 0.0 -1.0 -0.0 0.2523 0.4122
3
4.3736 1.5045 -4.5349 0.0 -1.0 -0.0 0.2523 0.4122
4.3286 1.5045 -4.5811 0.0 -1.0 -0.0 0.28 0.4585
4.3325 1.5045 -4.5835 0.0 -1.0 -0.0 0.2218 0.4783
3
4.3761 1.5045 -4.5386 0.0 -1.0 -0.0 0.2072 0.4539
4.4343 1.5045 -4.5154 0.0 -1.0 -0.0 0.1839 0.4375
4.4335 1.5045 -4.511 0.0 -1.0 -0.0 0.2081 0.3811
3
4.4335 1.5045 -4.511 0.0 -1.0 -0.0 0.2081 0.3811
4.3736 1.5045 -4.5349 0.0 -1.0 -0.0 0.2523 0.4122
4.3761 1.5045 -4.5386 0.0 -1.0 -0.0 0.2072 0.4539
3
4.4343 1.5045 -4.5154 0.0 -1.0 -0.0 0.1839 0.4375
4.4969 1.5045 -4.5179 0.0 -1.0 -0.0 0.156 0.4319
4.498 1.5045 -4.5135 0.0 -1.0 -0.0 0.1551 0.3706
3
4.498 1.5045 -4.5135 0.0 -1.0 -0.0 0.1551 0.3706
4.4335 1.5045 -4.511 0.0 -1.0 -0.0 0.2081 0.3811
4.4343 1.5045 -4.5154 0.0 -1.0 -0.0 0.1839 0.4375
3
4.553 1.5045 -4.5456 0.0 -1.0 -0.0 0.1282 0.4382
4.4969 1.5045 -4.5179 0.0 -1.0 -0.0 0.156 0.4319
4.4598 1.5045 -4.6638 0.0 -1.0 -0.0 0.1569 0.5003
3
4.5931 1.5045 -4.5937 0.0 -1.0 -0.0 0.1054 0.4553
4.553 1.5045 -4.5456 0.0 -1.0 -0.0 0.1282 0.4382
4.4598 1.5045 -4.6638 0.0 -1.0 -0.0 0.1569 0.5003
3
4.6101 1.5045 -4.654 0.0 -1.0 -0.0 0.0915 0.4801
4.5931 1.5045 -4.5937 0.0 -1.0 -0.0 0.1054 0.4553
4.4598 1.5045 -4.6638 0.0 -1.0 -0.0 0.1569 0.5003
3
4.6011 1.5045 -4.7159 0.0 -1.0 -0.0 0.0889 0.5084
4.6101 1.5045 -4.654 0.0 -1.0 -0.0 0.0915 0.4801
4.4598 1.5045 -4.6638 0.0 -1.0 -0.0 0.1569 0.5003
3
4.5677 1.5045 -4.7689 0.0 -1.0 -0.0 0.0981 0.5354
4.6011 1.5045 -4.7159 0.0 -1.0 -0.0 0.0889 0.5084
4.4598 1.5045 -4.6638 0.0 -1.0 -0.0 0.1569 0.5003
3
4.5156 1.5045 -4.8037 0.0 -1.0 -0.0 0.1174 0.5563
4.5677 1.5045 -4.7689 0.0 -1.0 -0.0 0.0981 0.5354
4.4598 1.5045 -4.6638 0.0 -1.0 -0.0 0.1569 0.5003
3
4.4539 1.5045 -4.8143 0.0 -1.0 -0.0 0.1436 0.5675
4.5156 1.5045 -4.8037 0.0 -1.0 -0.0 0.1174 0.5563
4.4598 1.5045 -4.6638 0.0 -1.0 -0.0 0.1569 0.5003
3
4.3932 1.5045 -4.7989 0.0 -1.0 -0.0 0.1721 0.5671
4.4539 1.5045 -4.8143 0.0 -1.0 -0.0 0.1436 0.5675
4.4598 1.5045 -4.6638 0.0 -1.0 -0.0 0.1569 0.5003
3
4.3441 1.5045 -4.7601 0.0 -1.0 -0.0 0.198 0.5551
4.3932 1.5045 -4.7989 0.0 -1.0 -0.0 0.1721 0.5671
4.4598 1.5045 -4.6638 0.0 -1.0 -0.0 0.1569 0.5003
3
4.3149 1.5045 -4.7047 0.0 -1.0 -0.0 0.2167 0.5337
4.3441 1.5045 -4.7601 0.0 -1.0 -0.0 0.198 0.5551
4.4598 1.5045 -4.6638 0.0 -1.0 -0.0 0.1569 0.5003
3
4.3108 1.5045 -4.6422 0.0 -1.0 -0.0 0.2252 0.5066
4.3149 1.5045 -4.7047 0.0 -1.0 -0.0 0.2167 0.5337
4.4598 1.5045 -4.6638 0.0 -1.0 -0.0 0.1569 0.5003
3
4.3325 1.5045 -4.5835 0.0 -1.0 -0.0 0.2218 0.4783
4.3108 1.5045 -4.6422 0.0 -1.0 -0.0 0.2252 0.5066
4.4598 1.5045 -4.6638 0.0 -1.0 -0.0 0.1569 0.5003
3
4.3761 1.5045 -4.5386 0.0 -1.0 -0.0 0.2072 0.4539
4.3325 1.5045 -4.5835 0.0 -1.0 -0.0 0.2218 0.4783
4.4598 1.5045 -4.6638 0.0 -1.0 -0.0 0.1569 0.5003
3
4.4343 1.5045 -4.5154 0.0 -1.0 -0.0 0.1839 0.4375
4.3761 1.5045 -4.5386 0.0 -1.0 -0.0 0.2072 0.4539
4.4598 1.5045 -4.6638 0.0 -1.0 -0.0 0.1569 0.5003
3
4.4969 1.5045 -4.5179 0.0 -1.0 -0.0 0.156 0.4319
4.4343 1.5045 -4.5154 0.0 -1.0 -0.0 0.1839 0.4375
4.4598 1.5045 -4.6638 0.0 -1.0 -0.0 0.1569 0.5003
3
4.5949 2.2365 -4.4924 -0.1647 0.964 -0.2089 0.8953 0.0177
4.5135 2.2365 -4.4523 -0.0655 0.964 -0.2579 0.8986 0.0804
4.519 2.2338 -4.4307 0.1268 0.8569 0.4996 0.8823 0.0795
3
4.519 2.2338 -4.4307 0.1268 0.8569 0.4996 0.8823 0.0795
4.6087 2.2338 -4.4749 0.3191 0.8569 0.4048 0.8788 0.0136
4.5949 2.2365 -4.4924 -0.1647 0.964 -0.2089 0.8953 0.0177
3
4.653 2.2365 -4.5622 -0.2354 0.964 -0.1239 0.9034 0.9289
4.5949 2.2365 -4.4924 -0.1647 0.964 -0.2089 0.9023 0.9914
4.6087 2.2338 -4.4749 0.3191 0.8569 0.4048 0.8855 0.9958
3
4.6087 2.2338 -4.4749 0.3191 0.8569 0.4048 0.8855 0.9958
4.6727 2.2338 -4.5518 0.4562 0.8569 0.2401 0.887 0.9301
4.653 2.2365 -4.5622 -0.2354 0.964 -0.1239 0.9034 0.9289
3
4.6776 2.2365 -4.6495 -0.2655 0.964 -0.0174 0.906 0.8651
4.653 2.2365 -4.5622 -0.2354 0.964 -0.1239 0.9034 0.9289
4.6727 2.2338 -4.5518 0.4562 0.8569 0.2401 0.887 0.9301
3
4.6727 2.2338 -4.5518 0.4562 0.8569 0.2401 0.887 0.9301
4.6998 2.2338 -4.6481 0.5144 0.8569 0.0338 0.8897 0.8644
4.6776 2.2365 -4.6495 -0.2655 0.964 -0.0174 0.906 0.8651
3
4.6646 2.2365 -4.7394 -0.2496 0.964 0.0921 0.909 0.8004
4.6776 2.2365 -4.6495 -0.2655 0.964 -0.0174 0.906 0.8651
4.6998 2.2338 -4.6481 0.5144 0.8569 0.0338 0.8897 0.8644
3
4.6998 2.2338 -4.6481 0.5144 0.8569 0.0338 0.8897 0.8644
4.6855 2.2338 -4.7471 0.4836 0.8569 -0.1784 0.892 0.7993
4.6646 2.2365 -4.7394 -0.2496 0.964 0.0921 0.909 0.8004
3
4.6162 2.2365 -4.8161 -0.1906 0.964 0.1856 0.9113 0.7351
4.6646 2.2365 -4.7394 -0.2496 0.964 0.0921 0.909 0.8004
4.6855 2.2338 -4.7471 0.4836 0.8569 -0.1784 0.892 0.7993
3
4.6855 2.2338 -4.7471 0.4836 0.8569 -0.1784 0.892 0.7993
4.6321 2.2338 -4.8317 0.3693 0.8569 -0.3597 0.8935 0.7342
4.6162 2.2365 -4.8161 -0.1906 0.964 0.1856 0.9113 0.7351
3
4.5407 2.2365 -4.8666 -0.0986 0.964 0.2471 0.9129 0.6695
4.6162 2.2365 -4.8161 -0.1906 0.964 0.1856 0.9113 0.7351
4.6321 2.2338 -4.8317 0.3693 0.8569 -0.3597 0.8935 0.7342
3
4.6321 2.2338 -4.8317 0.3693 0.8569 -0.3597 0.8935 0.7342
4.549 2.2338 -4.8872 0.1911 0.8569 -0.4788 0.8945 0.6688
4.5407 2.2365 -4.8666 -0.0986 0.964 0.2471 0.9129 0.6695
3
4.4513 2.2365 -4.8819 0.0104 0.964 0.2658 0.9139 0.6036
4.5407 2.2365 -4.8666 -0.0986 0.964 0.2471 0.9129 0.6695
4.549 2.2338 -4.8872 0.1911 0.8569 -0.4788 0.8945 0.6688
3
4.549 2.2338 -4.8872 0.1911 0.8569 -0.4788 0.8945 0.6688
4.4504 2.2338 -4.9042 -0.0202 0.8569 -0.5151 0.8951 0.6032
4.4513 2.2365 -4.8819 0.0104 0.964 0.2658 0.9139 0.6036
3
4.3633 2.2365 -4.8596 0.1176 0.964 0.2386 0.9143 0.5376
4.4513 2.2365 -4.8819 0.0104 0.964 0.2658 0.9139 0.6036
4.4504 2.2338 -4.9042 -0.0202 0.8569 -0.5151 0.8951 0.6032
3
4.4504 2.2338 -4.9042 -0.0202 0.8569 -0.5151 0.8951 0.6032
4.3535 2.2338 -4.8796 -0.2279 0.8569 -0.4623 0.8952 0.5375
4.3633 2.2365 -4.8596 0.1176 0.964 0.2386 0.9143 0.5376
3
4.292 2.2365 -4.8034 0.2045 0.964 0.1701 0.914 0.4715
4.3633 2.2365 -4.8596 0.1176 0.964 0.2386 0.9143 0.5376
4.3535 2.2338 -4.8796 -0.2279 0.8569 -0.4623 0.8952 0.5375
3
4.3535 2.2338 -4.8796 -0.2279 0.8569 -0.4623 0.8952 0.5375
4.2749 2.2338 -4.8177 -0.3963 0.8569 -0.3297 0.895 0.4718
4.292 2.2365 -4.8034 0.2045 0.964 0.1701 0.914 0.4715
3
4.2497 2.2365 -4.7231 0.256 0.964 0.0722 0.9132 0.4055
4.292 2.2365 -4.8034 0.2045 0.964 0.1701 0.914 0.4715
4.2749 2.2338 -4.8177 -0.3963 0.8569 -0.3297 0.895 0.4718
3
4.2749 2.2338 -4.8177 -0.3963 0.8569 -0.3297 0.895 0.4718
4.2283 2.2338 -4.7291 -0.4961 0.8569 -0.14 0.8943 0.4062
4.2497 2.2365 -4.7231 0.256 0.964 0.0722 0.9132 0.4055
3
4.2438 2.2365 -4.6325 0.2633 0.964 -0.0381 0.9116 0.3396
4.2497 2.2365 -4.7231 0.256 0.964 0.0722 0.9132 0.4055
4.2283 2.2338 -4.7291 -0.4961 0.8569 -0.14 0.8943 0.4062
3
4.2283 2.2338 -4.7291 -0.4961 0.8569 -0.14 0.8943 0.4062
4.2218 2.2338 -4.6293 -0.5101 0.8569 0.0739 0.8932 0.3407
4.2438 2.2365 -4.6325 0.2633 0.964 -0.0381 0.9116 0.3396
3
4.2752 2.2365 -4.5474 0.225 0.964 -0.1419 0.9093 0.274
4.2438 2.2365 -4.6325 0.2633 0.964 -0.0381 0.9116 0.3396
4.2218 2.2338 -4.6293 -0.5101 0.8569 0.0739 0.8932 0.3407
3
4.2218 2.2338 -4.6293 -0.5101 0.8569 0.0739 0.8932 0.3407
4.2564 2.2338 -4.5355 -0.436 0.8569 0.275 0.8915 0.2754
4.2752 2.2365 -4.5474 0.225 0.964 -0.1419 0.9093 0.274
3
4.3385 2.2365 -4.4823 0.1478 0.964 -0.2212 0.9062 0.2088
4.2752 2.2365 -4.5474 0.225 0.964 -0.1419 0.9093 0.274
4.2564 2.2338 -4.5355 -0.436 0.8569 0.275 0.8915 0.2754
3
4.2564 2.2338 -4.5355 -0.436 0.8569 0.275 0.8915 0.2754
4.3262 2.2338 -4.4639 -0.2864 0.8569 0.4286 0.8892 0.2102
4.3385 2.2365 -4.4823 0.1478 0.964 -0.2212 0.9062 0.2088
3
4.4228 2.2365 -4.4487 0.0451 0.964 -0.2622 0.9022 0.1442
4.3385 2.2365 -4.4823 0.1478 0.964 -0.2212 0.9062 0.2088
4.3262 2.2338 -4.4639 -0.2864 0.8569 0.4286 0.8892 0.2102
3
4.3262 2.2338 -4.4639 -0.2864 0.8569 0.4286 0.8892 0.2102
4.4191 2.2338 -4.4268 -0.0873 0.8569 0.508 0.886 0.1451
4.4228 2.2365 -4.4487 0.0451 0.964 -0.2622 0.9022 0.1442
3
4.5135 2.2365 -4.4523 -0.0655 0.964 -0.2579 0.8986 0.0804
4.4228 2.2365 -4.4487 0.0451 0.964 -0.2622 0.9022 0.1442
4.4191 2.2338 -4.4268 -0.0873 0.8569 0.508 0.886 0.1451
3
4.4191 2.2338 -4.4268 -0.0873 0.8569 0.508 0.886 0.1451
4.519 2.2338 -4.4307 0.1268 0.8569 0.4996 0.8823 0.0795
4.5135 2.2365 -4.4523 -0.0655 0.964 -0.2579 0.8986 0.0804
3
4.5924 2.0829 -4.4956 -0.619 0.0 -0.7854 0.431 0.9233
4.5125 2.0829 -4.4562 -0.2461 0.0 -0.9693 0.4356 0.8699
4.5125 2.2326 -4.4562 -0.2461 0.0 -0.9693 0.5255 0.8794
3
4.5125 2.2326 -4.4562 -0.2461 0.0 -0.9693 0.5255 0.8794
4.5924 2.2326 -4.4956 -0.619 0.0 -0.7854 0.5214 0.9319
4.5924 2.0829 -4.4956 -0.619 0.0 -0.7854 0.431 0.9233
3
4.6494 2.0829 -4.5641 -0.8849 0.0 -0.4657 0.4329 0.1329
4.5924 2.0829 -4.4956 -0.619 0.0 -0.7854 0.4291 0.0795
4.5924 2.2326 -4.4956 -0.619 0.0 -0.7854 0.5197 0.0725
3
4.5924 2.2326 -4.4956 -0.619 0.0 -0.7854 0.5197 0.0725
4.6494 2.2326 -4.5641 -0.8849 0.0 -0.4657 0.5231 0.1246
4.6494 2.0829 -4.5641 -0.8849 0.0 -0.4657 0.4329 0.1329
3
4.6736 2.0829 -4.6498 -0.9979 0.0 -0.0655 0.436 0.1864
4.6494 2.0829 -4.5641 -0.8849 0.0 -0.4657 0.4329 0.1329
4.6494 2.2326 -4.5641 -0.8849 0.0 -0.4657 0.5231 0.1246
3
4.6494 2.2326 -4.5641 -0.8849 0.0 -0.4657 0.5231 0.1246
4.6736 2.2326 -4.6498 -0.9979 0.0 -0.0655 0.5265 0.179
4.6736 2.0829 -4.6498 -0.9979 0.0 -0.0655 0.436 0.1864
3
4.6608 2.0829 -4.738 -0.9382 0.0 0.346 0.4386 0.241
4.6736 2.0829 -4.6498 -0.9979 0.0 -0.0655 0.436 0.1864
4.6736 2.2326 -4.6498 -0.9979 0.0 -0.0655 0.5265 0.179
3
4.6736 2.2326 -4.6498 -0.9979 0.0 -0.0655 0.5265 0.179
4.6608 2.2326 -4.738 -0.9382 0.0 0.346 0.5292 0.2351
4.6608 2.0829 -4.738 -0.9382 0.0 0.346 0.4386 0.241
3
4.6133 2.0829 -4.8133 -0.7164 0.0 0.6977 0.4406 0.297
4.6608 2.0829 -4.738 -0.9382 0.0 0.346 0.4386 0.241
4.6608 2.2326 -4.738 -0.9382 0.0 0.346 0.5292 0.2351
3
4.6608 2.2326 -4.738 -0.9382 0.0 0.346 0.5292 0.2351
4.6133 2.2326 -4.8133 -0.7164 0.0 0.6977 0.5313 0.2925
4.6133 2.0829 -4.8133 -0.7164 0.0 0.6977 0.4406 0.297
3
4.5392 2.0829 -4.8628 -0.3707 0.0 0.9288 0.4423 0.3544
4.6133 2.0829 -4.8133 -0.7164 0.0 0.6977 0.4406 0.297
4.6133 2.2326 -4.8133 -0.7164 0.0 0.6977 0.5313 0.2925
3
4.6133 2.2326 -4.8133 -0.7164 0.0 0.6977 0.5313 0.2925
4.5392 2.2326 -4.8628 -0.3707 0.0 0.9288 0.533 0.3511
4.5392 2.0829 -4.8628 -0.3707 0.0 0.9288 0.4423 0.3544
3
4.4514 2.0829 -4.8779 0.0392 0.0 0.9992 0.4436 0.4127
4.5392 2.0829 -4.8628 -0.3707 0.0 0.9288 0.4423 0.3544
4.5392 2.2326 -4.8628 -0.3707 0.0 0.9288 0.533 0.3511
3
4.5392 2.2326 -4.8628 -0.3707 0.0 0.9288 0.533 0.3511
4.4514 2.2326 -4.8779 0.0392 0.0 0.9992 0.5343 0.4106
4.4514 2.0829 -4.8779 0.0392 0.0 0.9992 0.4436 0.4127
3
4.3651 2.0829 -4.856 0.4422 0.0 0.8969 0.4446 0.4717
4.4514 2.0829 -4.8779 0.0392 0.0 0.9992 0.4436 0.4127
4.4514 2.2326 -4.8779 0.0392 0.0 0.9992 0.5343 0.4106
3
4.4514 2.2326 -4.8779 0.0392 0.0 0.9992 0.5343 0.4106
4.3651 2.2326 -4.856 0.4422 0.0 0.8969 0.5352 0.4707
4.3651 2.0829 -4.856 0.4422 0.0 0.8969 0.4446 0.4717
3
4.2951 2.0829 -4.8008 0.7688 0.0 0.6395 0.4452 0.5308
4.3651 2.0829 -4.856 0.4422 0.0 0.8969 0.4446 0.4717
4.3651 2.2326 -4.856 0.4422 0.0 0.8969 0.5352 0.4707
3
4.3651 2.2326 -4.856 0.4422 0.0 0.8969 0.5352 0.4707
4.2951 2.2326 -4.8008 0.7688 0.0 0.6395 0.5358 0.5311
4.2951 2.0829 -4.8008 0.7688 0.0 0.6395 0.4452 0.5308
3
4.2536 2.0829 -4.722 0.9624 0.0 0.2715 0.4452 0.5898
4.2951 2.0829 -4.8008 0.7688 0.0 0.6395 0.4452 0.5308
4.2951 2.2326 -4.8008 0.7688 0.0 0.6395 0.5358 0.5311
3
4.2951 2.2326 -4.8008 0.7688 0.0 0.6395 0.5358 0.5311
4.2536 2.2326 -4.722 0.9624 0.0 0.2715 0.5359 0.5913
4.2536 2.0829 -4.722 0.9624 0.0 0.2715 0.4452 0.5898
3
4.2478 2.0829 -4.6331 0.9897 0.0 -0.1434 0.4447 0.6481
4.2536 2.0829 -4.722 0.9624 0.0 0.2715 0.4452 0.5898
4.2536 2.2326 -4.722 0.9624 0.0 0.2715 0.5359 0.5913
3
4.2536 2.2326 -4.722 0.9624 0.0 0.2715 0.5359 0.5913
4.2478 2.2326 -4.6331 0.9897 0.0 -0.1434 0.5354 0.6511
4.2478 2.0829 -4.6331 0.9897 0.0 -0.1434 0.4447 0.6481
3
4.2786 2.0829 -4.5495 0.8458 0.0 -0.5335 0.4436 0.7054
4.2478 2.0829 -4.6331 0.9897 0.0 -0.1434 0.4447 0.6481
4.2478 2.2326 -4.6331 0.9897 0.0 -0.1434 0.5354 0.6511
3
4.2478 2.2326 -4.6331 0.9897 0.0 -0.1434 0.5354 0.6511
4.2786 2.2326 -4.5495 0.8458 0.0 -0.5335 0.5342 0.7101
4.2786 2.0829 -4.5495 0.8458 0.0 -0.5335 0.4436 0.7054
3
4.3408 2.0829 -4.4857 0.5557 0.0 -0.8314 0.4418 0.7615
4.2786 2.0829 -4.5495 0.8458 0.0 -0.5335 0.4436 0.7054
4.2786 2.2326 -4.5495 0.8458 0.0 -0.5335 0.5342 0.7101
3
4.2786 2.2326 -4.5495 0.8458 0.0 -0.5335 0.5342 0.7101
4.3408 2.2326 -4.4857 0.5557 0.0 -0.8314 0.5323 0.7681
4.3408 2.0829 -4.4857 0.5557 0.0 -0.8314 0.4418 0.7615
3
4.4235 2.0829 -4.4527 0.1695 0.0 -0.9855 0.4391 0.8162
4.3408 2.0829 -4.4857 0.5557 0.0 -0.8314 0.4418 0.7615
4.3408 2.2326 -4.4857 0.5557 0.0 -0.8314 0.5323 0.7681
3
4.3408 2.2326 -4.4857 0.5557 0.0 -0.8314 0.5323 0.7681
4.4235 2.2326 -4.4527 0.1695 0.0 -0.9855 0.5294 0.8246
4.4235 2.0829 -4.4527 0.1695 0.0 -0.9855 0.4391 0.8162
3
4.5125 2.0829 -4.4562 -0.2461 0.0 -0.9693 0.4356 0.8699
4.4235 2.0829 -4.4527 0.1695 0.0 -0.9855 0.4391 0.8162
4.4235 2.2326 -4.4527 0.1695 0.0 -0.9855 0.5294 0.8246
3
4.4235 2.2326 -4.4527 0.1695 0.0 -0.9855 0.5294 0.8246
4.5125 2.2326 -4.4562 -0.2461 0.0 -0.9693 0.5255 0.8794
4.5125 2.0829 -4.4562 -0.2461 0.0 -0.9693 0.4356 0.8699
3
4.557 1.5657 -4.5405 -0.4396 0.1075 -0.8917 0.3119 0.911
4.4985 1.5657 -4.5116 -0.4396 0.1075 -0.8917 0.3165 0.863
4.5125 2.0829 -4.4562 -0.4396 0.1075 -0.8917 0.4356 0.8699
3
4.5125 2.0829 -4.4562 -0.4396 0.1075 -0.8917 0.4356 0.8699
4.5924 2.0829 -4.4956 -0.4396 0.1075 -0.8917 0.431 0.9233
4.557 1.5657 -4.5405 -0.4396 0.1075 -0.8917 0.3119 0.911
3
4.5988 1.5657 -4.5907 -0.7643 0.1075 -0.6358 0.314 0.1378
4.557 1.5657 -4.5405 -0.7643 0.1075 -0.6358 0.31 0.0896
4.5924 2.0829 -4.4956 -0.7643 0.1075 -0.6358 0.4291 0.0795
3
4.5924 2.0829 -4.4956 -0.7643 0.1075 -0.6358 0.4291 0.0795
4.6494 2.0829 -4.5641 -0.7643 0.1075 -0.6358 0.4329 0.1329
4.5988 1.5657 -4.5907 -0.7643 0.1075 -0.6358 0.314 0.1378
3
4.6165 1.5657 -4.6535 -0.9569 0.1075 -0.27 0.3167 0.189
4.5988 1.5657 -4.5907 -0.9569 0.1075 -0.27 0.314 0.1378
4.6494 2.0829 -4.5641 -0.9569 0.1075 -0.27 0.4329 0.1329
3
4.6494 2.0829 -4.5641 -0.9569 0.1075 -0.27 0.4329 0.1329
4.6736 2.0829 -4.6498 -0.9569 0.1075 -0.27 0.436 0.1864
4.6165 1.5657 -4.6535 -0.9569 0.1075 -0.27 0.3167 0.189
3
4.6072 1.5657 -4.7182 -0.9839 0.1075 0.1426 0.3191 0.2427
4.6165 1.5657 -4.6535 -0.9839 0.1075 0.1426 0.3167 0.189
4.6736 2.0829 -4.6498 -0.9839 0.1075 0.1426 0.436 0.1864
3
4.6736 2.0829 -4.6498 -0.9839 0.1075 0.1426 0.436 0.1864
4.6608 2.0829 -4.738 -0.9839 0.1075 0.1426 0.4386 0.241
4.6072 1.5657 -4.7182 -0.9839 0.1075 0.1426 0.3191 0.2427
3
4.5723 1.5657 -4.7734 -0.8409 0.1075 0.5304 0.3212 0.2983
4.6072 1.5657 -4.7182 -0.8409 0.1075 0.5304 0.3191 0.2427
4.6608 2.0829 -4.738 -0.8409 0.1075 0.5304 0.4386 0.241
3
4.6608 2.0829 -4.738 -0.8409 0.1075 0.5304 0.4386 0.241
4.6133 2.0829 -4.8133 -0.8409 0.1075 0.5304 0.4406 0.297
4.5723 1.5657 -4.7734 -0.8409 0.1075 0.5304 0.3212 0.2983
3
4.518 1.5657 -4.8097 -0.5524 0.1075 0.8266 0.3229 0.3553
4.5723 1.5657 -4.7734 -0.5524 0.1075 0.8266 0.3212 0.2983
4.6133 2.0829 -4.8133 -0.5524 0.1075 0.8266 0.4406 0.297
3
4.6133 2.0829 -4.8133 -0.5524 0.1075 0.8266 0.4406 0.297
4.5392 2.0829 -4.8628 -0.5524 0.1075 0.8266 0.4423 0.3544
4.518 1.5657 -4.8097 -0.5524 0.1075 0.8266 0.3229 0.3553
3
4.4537 1.5657 -4.8208 -0.1685 0.1075 0.9798 0.3243 0.4135
4.518 1.5657 -4.8097 -0.1685 0.1075 0.9798 0.3229 0.3553
4.5392 2.0829 -4.8628 -0.1685 0.1075 0.9798 0.4423 0.3544
3
4.5392 2.0829 -4.8628 -0.1685 0.1075 0.9798 0.4423 0.3544
4.4514 2.0829 -4.8779 -0.1685 0.1075 0.9798 0.4436 0.4127
4.4537 1.5657 -4.8208 -0.1685 0.1075 0.9798 0.3243 0.4135
3
4.3904 1.5657 -4.8047 0.2446 0.1075 0.9636 0.3253 0.4721
4.4537 1.5657 -4.8208 0.2446 0.1075 0.9636 0.3243 0.4135
4.4514 2.0829 -4.8779 0.2446 0.1075 0.9636 0.4436 0.4127
3
4.4514 2.0829 -4.8779 0.2446 0.1075 0.9636 0.4436 0.4127
4.3651 2.0829 -4.856 0.2446 0.1075 0.9636 0.4446 0.4717
4.3904 1.5657 -4.8047 0.2446 0.1075 0.9636 0.3253 0.4721
3
4.3391 1.5657 -4.7643 0.6154 0.1075 0.7808 0.3258 0.531
4.3904 1.5657 -4.8047 0.6154 0.1075 0.7808 0.3253 0.4721
4.3651 2.0829 -4.856 0.6154 0.1075 0.7808 0.4446 0.4717
3
4.3651 2.0829 -4.856 0.6154 0.1075 0.7808 0.4446 0.4717
4.2951 2.0829 -4.8008 0.6154 0.1075 0.7808 0.4452 0.5308
4.3391 1.5657 -4.7643 0.6154 0.1075 0.7808 0.3258 0.531
3
4.3086 1.5657 -4.7065 0.8798 0.1075 0.463 0.3258 0.5894
4.3391 1.5657 -4.7643 0.8798 0.1075 0.463 0.3258 0.531
4.2951 2.0829 -4.8008 0.8798 0.1075 0.463 0.4452 0.5308
3
4.2951 2.0829 -4.8008 0.8798 0.1075 0.463 0.4452 0.5308
4.2536 2.0829 -4.722 0.8798 0.1075 0.463 0.4452 0.5898
4.3086 1.5657 -4.7065 0.8798 0.1075 0.463 0.3258 0.5894
3
4.3044 1.5657 -4.6413 0.9921 0.1075 0.0651 0.3253 0.6472
4.3086 1.5657 -4.7065 0.9921 0.1075 0.0651 0.3258 0.5894
4.2536 2.0829 -4.722 0.9921 0.1075 0.0651 0.4452 0.5898
3
4.2536 2.0829 -4.722 0.9921 0.1075 0.0651 0.4452 0.5898
4.2478 2.0829 -4.6331 0.9921 0.1075 0.0651 0.4447 0.6481
4.3044 1.5657 -4.6413 0.9921 0.1075 0.0651 0.3253 0.6472
3
4.327 1.5657 -4.58 0.9328 0.1075 -0.344 0.3241 0.7038
4.3044 1.5657 -4.6413 0.9328 0.1075 -0.344 0.3253 0.6472
4.2478 2.0829 -4.6331 0.9328 0.1075 -0.344 0.4447 0.6481
3
4.2478 2.0829 -4.6331 0.9328 0.1075 -0.344 0.4447 0.6481
4.2786 2.0829 -4.5495 0.9328 0.1075 -0.344 0.4436 0.7054
4.327 1.5657 -4.58 0.9328 0.1075 -0.344 0.3241 0.7038
3
4.3725 1.5657 -4.5332 0.7122 0.1075 -0.6937 0.3222 0.7589
4.327 1.5657 -4.58 0.7122 0.1075 -0.6937 0.3241 0.7038
4.2786 2.0829 -4.5495 0.7122 0.1075 -0.6937 0.4436 0.7054
3
4.2786 2.0829 -4.5495 0.7122 0.1075 -0.6937 0.4436 0.7054
4.3408 2.0829 -4.4857 0.7122 0.1075 -0.6937 0.4418 0.7615
4.3725 1.5657 -4.5332 0.7122 0.1075 -0.6937 0.3222 0.7589
3
4.4332 1.5657 -4.509 0.3685 0.1075 -0.9234 0.3197 0.8121
4.3725 1.5657 -4.5332 0.3685 0.1075 -0.9234 0.3222 0.7589
4.3408 2.0829 -4.4857 0.3685 0.1075 -0.9234 0.4418 0.7615
3
4.3408 2.0829 -4.4857 0.3685 0.1075 -0.9234 0.4418 0.7615
4.4235 2.0829 -4.4527 0.3685 0.1075 -0.9234 0.4391 0.8162
4.4332 1.5657 -4.509 0.3685 0.1075 -0.9234 0.3197 0.8121
3
4.4985 1.5657 -4.5116 -0.0389 0.1075 -0.9934 0.3165 0.863
4.4332 1.5657 -4.509 -0.0389 0.1075 -0.9934 0.3197 0.8121
4.4235 2.0829 -4.4527 -0.0389 0.1075 -0.9934 0.4391 0.8162
3
4.4235 2.0829 -4.4527 -0.0389 0.1075 -0.9934 0.4391 0.8162
4.5125 2.0829 -4.4562 -0.0389 0.1075 -0.9934 0.4356 0.8699
4.4985 1.5657 -4.5116 -0.0389 0.1075 -0.9934 0.3165 0.863
3
4.519 2.2338 -4.4307 0.1268 0.8569 0.4996 0.8823 0.0795
4.5197 2.2303 -4.4279 0.1893 0.639 0.7456 0.8604 0.0794
4.6105 2.2303 -4.4726 0.4762 0.639 0.6041 0.8585 0.0104
3
4.6105 2.2303 -4.4726 0.4762 0.639 0.6041 0.8585 0.0104
4.6087 2.2338 -4.4749 0.3191 0.8569 0.4048 0.8788 0.0136
4.519 2.2338 -4.4307 0.1268 0.8569 0.4996 0.8823 0.0795
3
4.6087 2.2338 -4.4749 0.3191 0.8569 0.4048 0.8855 0.9958
4.6105 2.2303 -4.4726 0.4762 0.639 0.6041 0.8639 0.9967
4.6753 2.2303 -4.5505 0.6807 0.639 0.3582 0.8651 0.9305
3
4.6753 2.2303 -4.5505 0.6807 0.639 0.3582 0.8651 0.9305
4.6727 2.2338 -4.5518 0.4562 0.8569 0.2401 0.887 0.9301
4.6087 2.2338 -4.4749 0.3191 0.8569 0.4048 0.8855 0.9958
3
4.6727 2.2338 -4.5518 0.4562 0.8569 0.2401 0.887 0.9301
4.6753 2.2303 -4.5505 0.6807 0.639 0.3582 0.8651 0.9305
4.7027 2.2303 -4.6479 0.7676 0.639 0.0504 0.8674 0.8636
3
4.7027 2.2303 -4.6479 0.7676 0.639 0.0504 0.8674 0.8636
4.6998 2.2338 -4.6481 0.5144 0.8569 0.0338 0.8897 0.8644
4.6727 2.2338 -4.5518 0.4562 0.8569 0.2401 0.887 0.9301
3
4.6998 2.2338 -4.6481 0.5144 0.8569 0.0338 0.8897 0.8644
4.7027 2.2303 -4.6479 0.7676 0.639 0.0504 0.8674 0.8636
4.6882 2.2303 -4.7481 0.7217 0.639 -0.2662 0.8682 0.7985
3
4.6882 2.2303 -4.7481 0.7217 0.639 -0.2662 0.8682 0.7985
4.6855 2.2338 -4.7471 0.4836 0.8569 -0.1784 0.892 0.7993
4.6998 2.2338 -4.6481 0.5144 0.8569 0.0338 0.8897 0.8644
3
4.6855 2.2338 -4.7471 0.4836 0.8569 -0.1784 0.892 0.7993
4.6882 2.2303 -4.7481 0.7217 0.639 -0.2662 0.8682 0.7985
4.6342 2.2303 -4.8337 0.5511 0.639 -0.5367 0.8687 0.7336
3
4.6342 2.2303 -4.8337 0.5511 0.639 -0.5367 0.8687 0.7336
4.6321 2.2338 -4.8317 0.3693 0.8569 -0.3597 0.8935 0.7342
4.6855 2.2338 -4.7471 0.4836 0.8569 -0.1784 0.892 0.7993
3
4.6321 2.2338 -4.8317 0.3693 0.8569 -0.3597 0.8935 0.7342
4.6342 2.2303 -4.8337 0.5511 0.639 -0.5367 0.8687 0.7336
4.5501 2.2303 -4.8899 0.2851 0.639 -0.7144 0.8689 0.6684
3
4.5501 2.2303 -4.8899 0.2851 0.639 -0.7144 0.8689 0.6684
4.549 2.2338 -4.8872 0.1911 0.8569 -0.4788 0.8945 0.6688
4.6321 2.2338 -4.8317 0.3693 0.8569 -0.3597 0.8935 0.7342
3
4.549 2.2338 -4.8872 0.1911 0.8569 -0.4788 0.8945 0.6688
4.5501 2.2303 -4.8899 0.2851 0.639 -0.7144 0.8689 0.6684
4.4503 2.2303 -4.9071 -0.0301 0.639 -0.7686 0.869 0.603
3
4.4503 2.2303 -4.9071 -0.0301 0.639 -0.7686 0.869 0.603
4.4504 2.2338 -4.9042 -0.0202 0.8569 -0.5151 0.8951 0.6032
4.549 2.2338 -4.8872 0.1911 0.8569 -0.4788 0.8945 0.6688
3
4.4504 2.2338 -4.9042 -0.0202 0.8569 -0.5151 0.8951 0.6032
4.4503 2.2303 -4.9071 -0.0301 0.639 -0.7686 0.869 0.603
4.3522 2.2303 -4.8822 -0.3402 0.639 -0.6899 0.8689 0.5376
3
4.3522 2.2303 -4.8822 -0.3402 0.639 -0.6899 0.8689 0.5376
4.3535 2.2338 -4.8796 -0.2279 0.8569 -0.4623 0.8952 0.5375
4.4504 2.2338 -4.9042 -0.0202 0.8569 -0.5151 0.8951 0.6032
3
4.3535 2.2338 -4.8796 -0.2279 0.8569 -0.4623 0.8952 0.5375
4.3522 2.2303 -4.8822 -0.3402 0.639 -0.6899 0.8689 0.5376
4.2727 2.2303 -4.8195 -0.5914 0.639 -0.4919 0.8687 0.4721
3
4.2727 2.2303 -4.8195 -0.5914 0.639 -0.4919 0.8687 0.4721
4.2749 2.2338 -4.8177 -0.3963 0.8569 -0.3297 0.895 0.4718
4.3535 2.2338 -4.8796 -0.2279 0.8569 -0.4623 0.8952 0.5375
3
4.2749 2.2338 -4.8177 -0.3963 0.8569 -0.3297 0.895 0.4718
4.2727 2.2303 -4.8195 -0.5914 0.639 -0.4919 0.8687 0.4721
4.2255 2.2303 -4.7299 -0.7403 0.639 -0.2089 0.8682 0.4067
3
4.2255 2.2303 -4.7299 -0.7403 0.639 -0.2089 0.8682 0.4067
4.2283 2.2338 -4.7291 -0.4961 0.8569 -0.14 0.8943 0.4062
4.2749 2.2338 -4.8177 -0.3963 0.8569 -0.3297 0.895 0.4718
3
4.2283 2.2338 -4.7291 -0.4961 0.8569 -0.14 0.8943 0.4062
4.2255 2.2303 -4.7299 -0.7403 0.639 -0.2089 0.8682 0.4067
4.2189 2.2303 -4.6289 -0.7613 0.639 0.1103 0.8676 0.3413
3
4.2189 2.2303 -4.6289 -0.7613 0.639 0.1103 0.8676 0.3413
4.2218 2.2338 -4.6293 -0.5101 0.8569 0.0739 0.8932 0.3407
4.2283 2.2338 -4.7291 -0.4961 0.8569 -0.14 0.8943 0.4062
3
4.2218 2.2338 -4.6293 -0.5101 0.8569 0.0739 0.8932 0.3407
4.2189 2.2303 -4.6289 -0.7613 0.639 0.1103 0.8676 0.3413
4.2539 2.2303 -4.5339 -0.6506 0.639 0.4104 0.8666 0.2763
3
4.2539 2.2303 -4.5339 -0.6506 0.639 0.4104 0.8666 0.2763
4.2564 2.2338 -4.5355 -0.436 0.8569 0.275 0.8915 0.2754
4.2218 2.2338 -4.6293 -0.5101 0.8569 0.0739 0.8932 0.3407
3
4.2564 2.2338 -4.5355 -0.436 0.8569 0.275 0.8915 0.2754
4.2539 2.2303 -4.5339 -0.6506 0.639 0.4104 0.8666 0.2763
4.3245 2.2303 -4.4614 -0.4274 0.639 0.6396 0.8654 0.2113
3
4.3245 2.2303 -4.4614 -0.4274 0.639 0.6396 0.8654 0.2113
4.3262 2.2338 -4.4639 -0.2864 0.8569 0.4286 0.8892 0.2102
4.2564 2.2338 -4.5355 -0.436 0.8569 0.275 0.8915 0.2754
3
4.3262 2.2338 -4.4639 -0.2864 0.8569 0.4286 0.8892 0.2102
4.3245 2.2303 -4.4614 -0.4274 0.639 0.6396 0.8654 0.2113
4.4186 2.2303 -4.4239 -0.1303 0.639 0.7581 0.8637 0.1464
3
4.4186 2.2303 -4.4239 -0.1303 0.639 0.7581 0.8637 0.1464
4.4191 2.2338 -4.4268 -0.0873 0.8569 0.508 0.886 0.1451
4.3262 2.2338 -4.4639 -0.2864 0.8569 0.4286 0.8892 0.2102
3
4.4191 2.2338 -4.4268 -0.0873 0.8569 0.508 0.886 0.1451
4.4186 2.2303 -4.4239 -0.1303 0.639 0.7581 0.8637 0.1464
4.5197 2.2303 -4.4279 0.1893 0.639 0.7456 0.8604 0.0794
3
4.5197 2.2303 -4.4279 0.1893 0.639 0.7456 0.8604 0.0794
4.519 2.2338 -4.4307 0.1268 0.8569 0.4996 0.8823 0.0795
4.4191 2.2338 -4.4268 -0.0873 0.8569 0.508 0.886 0.1451
3
4.5125 2.2326 -4.4562 -0.1718 0.7158 -0.6768 0.9114 0.0794
4.5135 2.2365 -4.4523 -0.0655 0.964 -0.2579 0.8986 0.0804
4.5949 2.2365 -4.4924 -0.1647 0.964 -0.2089 0.8953 0.0177
3
4.5949 2.2365 -4.4924 -0.1647 0.964 -0.2089 0.8953 0.0177
4.5924 2.2326 -4.4956 -0.4323 0.7158 -0.5484 0.9068 0.0192
4.5125 2.2326 -4.4562 -0.1718 0.7158 -0.6768 0.9114 0.0794
3
4.5924 2.2326 -4.4956 -0.4323 0.7158 -0.5484 0.9139 0.9896
4.5949 2.2365 -4.4924 -0.1647 0.964 -0.2089 0.9023 0.9914
4.653 2.2365 -4.5622 -0.2354 0.964 -0.1239 0.9034 0.9289
3
4.653 2.2365 -4.5622 -0.2354 0.964 -0.1239 0.9034 0.9289
4.6494 2.2326 -4.5641 -0.618 0.7158 -0.3252 0.9164 0.9295
4.5924 2.2326 -4.4956 -0.4323 0.7158 -0.5484 0.9139 0.9896
3
4.6494 2.2326 -4.5641 -0.618 0.7158 -0.3252 0.9164 0.9295
4.653 2.2365 -4.5622 -0.2354 0.964 -0.1239 0.9034 0.9289
4.6776 2.2365 -4.6495 -0.2655 0.964 -0.0174 0.906 0.8651
3
4.6776 2.2365 -4.6495 -0.2655 0.964 -0.0174 0.906 0.8651
4.6736 2.2326 -4.6498 -0.6968 0.7158 -0.0457 0.9193 0.8666
4.6494 2.2326 -4.5641 -0.618 0.7158 -0.3252 0.9164 0.9295
3
4.6736 2.2326 -4.6498 -0.6968 0.7158 -0.0457 0.9193 0.8666
4.6776 2.2365 -4.6495 -0.2655 0.964 -0.0174 0.906 0.8651
4.6646 2.2365 -4.7394 -0.2496 0.964 0.0921 0.909 0.8004
3
4.6646 2.2365 -4.7394 -0.2496 0.964 0.0921 0.909 0.8004
4.6608 2.2326 -4.738 -0.6552 0.7158 0.2416 0.9227 0.8021
4.6736 2.2326 -4.6498 -0.6968 0.7158 -0.0457 0.9193 0.8666
3
4.6608 2.2326 -4.738 -0.6552 0.7158 0.2416 0.9227 0.8021
4.6646 2.2365 -4.7394 -0.2496 0.964 0.0921 0.909 0.8004
4.6162 2.2365 -4.8161 -0.1906 0.964 0.1856 0.9113 0.7351
3
4.6162 2.2365 -4.8161 -0.1906 0.964 0.1856 0.9113 0.7351
4.6133 2.2326 -4.8133 -0.5002 0.7158 0.4872 0.9256 0.7366
4.6608 2.2326 -4.738 -0.6552 0.7158 0.2416 0.9227 0.8021
3
4.6133 2.2326 -4.8133 -0.5002 0.7158 0.4872 0.9256 0.7366
4.6162 2.2365 -4.8161 -0.1906 0.964 0.1856 0.9113 0.7351
4.5407 2.2365 -4.8666 -0.0986 0.964 0.2471 0.9129 0.6695
3
4.5407 2.2365 -4.8666 -0.0986 0.964 0.2471 0.9129 0.6695
4.5392 2.2326 -4.8628 -0.2588 0.7158 0.6486 0.9278 0.6706
4.6133 2.2326 -4.8133 -0.5002 0.7158 0.4872 0.9256 0.7366
3
4.5392 2.2326 -4.8628 -0.2588 0.7158 0.6486 0.9278 0.6706
4.5407 2.2365 -4.8666 -0.0986 0.964 0.2471 0.9129 0.6695
4.4513 2.2365 -4.8819 0.0104 0.964 0.2658 0.9139 0.6036
3
4.4513 2.2365 -4.8819 0.0104 0.964 0.2658 0.9139 0.6036
4.4514 2.2326 -4.8779 0.0273 0.7158 0.6978 0.9291 0.6042
4.5392 2.2326 -4.8628 -0.2588 0.7158 0.6486 0.9278 0.6706
3
4.4514 2.2326 -4.8779 0.0273 0.7158 0.6978 0.9291 0.6042
4.4513 2.2365 -4.8819 0.0104 0.964 0.2658 0.9139 0.6036
4.3633 2.2365 -4.8596 0.1176 0.964 0.2386 0.9143 0.5376
3
4.3633 2.2365 -4.8596 0.1176 0.964 0.2386 0.9143 0.5376
4.3651 2.2326 -4.856 0.3088 0.7158 0.6263 0.9296 0.5377
4.4514 2.2326 -4.8779 0.0273 0.7158 0.6978 0.9291 0.6042
3
4.3651 2.2326 -4.856 0.3088 0.7158 0.6263 0.9296 0.5377
4.3633 2.2365 -4.8596 0.1176 0.964 0.2386 0.9143 0.5376
4.292 2.2365 -4.8034 0.2045 0.964 0.1701 0.914 0.4715
3
4.292 2.2365 -4.8034 0.2045 0.964 0.1701 0.914 0.4715
4.2951 2.2326 -4.8008 0.5368 0.7158 0.4466 0.9294 0.4711
4.3651 2.2326 -4.856 0.3088 0.7158 0.6263 0.9296 0.5377
3
4.2951 2.2326 -4.8008 0.5368 0.7158 0.4466 0.9294 0.4711
4.292 2.2365 -4.8034 0.2045 0.964 0.1701 0.914 0.4715
4.2497 2.2365 -4.7231 0.256 0.964 0.0722 0.9132 0.4055
3
4.2497 2.2365 -4.7231 0.256 0.964 0.0722 0.9132 0.4055
4.2536 2.2326 -4.722 0.672 0.7158 0.1896 0.9284 0.4045
4.2951 2.2326 -4.8008 0.5368 0.7158 0.4466 0.9294 0.4711
3
4.2536 2.2326 -4.722 0.672 0.7158 0.1896 0.9284 0.4045
4.2497 2.2365 -4.7231 0.256 0.964 0.0722 0.9132 0.4055
4.2438 2.2365 -4.6325 0.2633 0.964 -0.0381 0.9116 0.3396
3
4.2438 2.2365 -4.6325 0.2633 0.964 -0.0381 0.9116 0.3396
4.2478 2.2326 -4.6331 0.6911 0.7158 -0.1001 0.9265 0.3382
4.2536 2.2326 -4.722 0.672 0.7158 0.1896 0.9284 0.4045
3
4.2478 2.2326 -4.6331 0.6911 0.7158 -0.1001 0.9265 0.3382
4.2438 2.2365 -4.6325 0.2633 0.964 -0.0381 0.9116 0.3396
4.2752 2.2365 -4.5474 0.225 0.964 -0.1419 0.9093 0.274
3
4.2752 2.2365 -4.5474 0.225 0.964 -0.1419 0.9093 0.274
4.2786 2.2326 -4.5495 0.5906 0.7158 -0.3726 0.9236 0.2722
4.2478 2.2326 -4.6331 0.6911 0.7158 -0.1001 0.9265 0.3382
3
4.2786 2.2326 -4.5495 0.5906 0.7158 -0.3726 0.9236 0.2722
4.2752 2.2365 -4.5474 0.225 0.964 -0.1419 0.9093 0.274
4.3385 2.2365 -4.4823 0.1478 0.964 -0.2212 0.9062 0.2088
3
4.3385 2.2365 -4.4823 0.1478 0.964 -0.2212 0.9062 0.2088
4.3408 2.2326 -4.4857 0.388 0.7158 -0.5806 0.9198 0.2067
4.2786 2.2326 -4.5495 0.5906 0.7158 -0.3726 0.9236 0.2722
3
4.3408 2.2326 -4.4857 0.388 0.7158 -0.5806 0.9198 0.2067
4.3385 2.2365 -4.4823 0.1478 0.964 -0.2212 0.9062 0.2088
4.4228 2.2365 -4.4487 0.0451 0.964 -0.2622 0.9022 0.1442
3
4.4228 2.2365 -4.4487 0.0451 0.964 -0.2622 0.9022 0.1442
4.4235 2.2326 -4.4527 0.1183 0.7158 -0.6882 0.9153 0.1422
4.3408 2.2326 -4.4857 0.388 0.7158 -0.5806 0.9198 0.2067
3
4.4235 2.2326 -4.4527 0.1183 0.7158 -0.6882 0.9153 0.1422
4.4228 2.2365 -4.4487 0.0451 0.964 -0.2622 0.9022 0.1442
4.5135 2.2365 -4.4523 -0.0655 0.964 -0.2579 0.8986 0.0804
3
4.5135 2.2365 -4.4523 -0.0655 0.964 -0.2579 0.8986 0.0804
4.5125 2.2326 -4.4562 -0.1718 0.7158 -0.6768 0.9114 0.0794
4.4235 2.2326 -4.4527 0.1183 0.7158 -0.6882 0.9153 0.1422
3
4.5558 1.5045 -4.542 0.401 -0.7618 0.5088 0.5626 0.0482
4.5677 1.5208 -4.527 0.401 -0.7618 0.5088 0.5906 0.0421
4.5027 1.5208 -4.4949 0.1594 -0.7618 0.6279 0.5966 0.1015
3
4.5027 1.5208 -4.4949 0.1594 -0.7618 0.6279 0.5966 0.1015
4.498 1.5045 -4.5135 0.1594 -0.7618 0.6279 0.5683 0.1024
4.5558 1.5045 -4.542 0.401 -0.7618 0.5088 0.5626 0.0482
3
4.5971 1.5045 -4.5916 0.5733 -0.7618 0.3017 0.5729 0.9101
4.614 1.5208 -4.5827 0.5733 -0.7618 0.3017 0.6011 0.9107
4.5677 1.5208 -4.527 0.401 -0.7618 0.5088 0.5959 0.97
3
4.5677 1.5208 -4.527 0.401 -0.7618 0.5088 0.5959 0.97
4.5558 1.5045 -4.542 0.401 -0.7618 0.5088 0.5679 0.9643
4.5971 1.5045 -4.5916 0.5733 -0.7618 0.3017 0.5729 0.9101
3
4.6146 1.5045 -4.6537 0.6464 -0.7618 0.0424 0.5735 0.8518
4.6337 1.5208 -4.6524 0.6464 -0.7618 0.0424 0.6015 0.851
4.614 1.5208 -4.5827 0.5733 -0.7618 0.3017 0.6011 0.9107
3
4.614 1.5208 -4.5827 0.5733 -0.7618 0.3017 0.6011 0.9107
4.5971 1.5045 -4.5916 0.5733 -0.7618 0.3017 0.5729 0.9101
4.6146 1.5045 -4.6537 0.6464 -0.7618 0.0424 0.5735 0.8518
3
4.6053 1.5045 -4.7175 0.6078 -0.7618 -0.2241 0.5736 0.7913
4.6233 1.5208 -4.7241 0.6078 -0.7618 -0.2241 0.6018 0.7905
4.6337 1.5208 -4.6524 0.6464 -0.7618 0.0424 0.6015 0.851
3
4.6337 1.5208 -4.6524 0.6464 -0.7618 0.0424 0.6015 0.851
4.6146 1.5045 -4.6537 0.6464 -0.7618 0.0424 0.5735 0.8518
4.6053 1.5045 -4.7175 0.6078 -0.7618 -0.2241 0.5736 0.7913
3
4.5709 1.5045 -4.772 0.4641 -0.7618 -0.452 0.5736 0.7294
4.5846 1.5208 -4.7854 0.4641 -0.7618 -0.452 0.6019 0.7286
4.6233 1.5208 -4.7241 0.6078 -0.7618 -0.2241 0.6018 0.7905
3
4.6233 1.5208 -4.7241 0.6078 -0.7618 -0.2241 0.6018 0.7905
4.6053 1.5045 -4.7175 0.6078 -0.7618 -0.2241 0.5736 0.7913
4.5709 1.5045 -4.772 0.4641 -0.7618 -0.452 0.5736 0.7294
3
4.5173 1.5045 -4.8079 0.2401 -0.7618 -0.6017 0.5735 0.6664
4.5244 1.5208 -4.8257 0.2401 -0.7618 -0.6017 0.6019 0.6658
4.5846 1.5208 -4.7854 0.4641 -0.7618 -0.452 0.6019 0.7286
3
4.5846 1.5208 -4.7854 0.4641 -0.7618 -0.452 0.6019 0.7286
4.5709 1.5045 -4.772 0.4641 -0.7618 -0.452 0.5736 0.7294
4.5173 1.5045 -4.8079 0.2401 -0.7618 -0.6017 0.5735 0.6664
3
4.4537 1.5045 -4.8188 -0.0254 -0.7618 -0.6473 0.5734 0.6027
4.453 1.5208 -4.8379 -0.0254 -0.7618 -0.6473 0.6019 0.6023
4.5244 1.5208 -4.8257 0.2401 -0.7618 -0.6017 0.6019 0.6658
3
4.5244 1.5208 -4.8257 0.2401 -0.7618 -0.6017 0.6019 0.6658
4.5173 1.5045 -4.8079 0.2401 -0.7618 -0.6017 0.5735 0.6664
4.4537 1.5045 -4.8188 -0.0254 -0.7618 -0.6473 0.5734 0.6027
3
4.3912 1.5045 -4.8029 -0.2865 -0.7618 -0.581 0.5732 0.5386
4.3828 1.5208 -4.8201 -0.2865 -0.7618 -0.581 0.6017 0.5383
4.453 1.5208 -4.8379 -0.0254 -0.7618 -0.6473 0.6019 0.6023
3
4.453 1.5208 -4.8379 -0.0254 -0.7618 -0.6473 0.6019 0.6023
4.4537 1.5045 -4.8188 -0.0254 -0.7618 -0.6473 0.5734 0.6027
4.3912 1.5045 -4.8029 -0.2865 -0.7618 -0.581 0.5732 0.5386
3
4.3406 1.5045 -4.763 -0.498 -0.7618 -0.4143 0.573 0.4742
4.3259 1.5208 -4.7753 -0.498 -0.7618 -0.4143 0.6015 0.4742
4.3828 1.5208 -4.8201 -0.2865 -0.7618 -0.581 0.6017 0.5383
3
4.3828 1.5208 -4.8201 -0.2865 -0.7618 -0.581 0.6017 0.5383
4.3912 1.5045 -4.8029 -0.2865 -0.7618 -0.581 0.5732 0.5386
4.3406 1.5045 -4.763 -0.498 -0.7618 -0.4143 0.573 0.4742
3
4.3106 1.5045 -4.7059 -0.6235 -0.7618 -0.1759 0.5727 0.4101
4.2921 1.5208 -4.7111 -0.6235 -0.7618 -0.1759 0.6011 0.4102
4.3259 1.5208 -4.7753 -0.498 -0.7618 -0.4143 0.6015 0.4742
3
4.3259 1.5208 -4.7753 -0.498 -0.7618 -0.4143 0.6015 0.4742
4.3406 1.5045 -4.763 -0.498 -0.7618 -0.4143 0.573 0.4742
4.3106 1.5045 -4.7059 -0.6235 -0.7618 -0.1759 0.5727 0.4101
3
4.3063 1.5045 -4.6416 -0.6411 -0.7618 0.0929 0.5722 0.3463
4.2874 1.5208 -4.6388 -0.6411 -0.7618 0.0929 0.6006 0.3467
4.2921 1.5208 -4.7111 -0.6235 -0.7618 -0.1759 0.6011 0.4102
3
4.2921 1.5208 -4.7111 -0.6235 -0.7618 -0.1759 0.6011 0.4102
4.3106 1.5045 -4.7059 -0.6235 -0.7618 -0.1759 0.5727 0.4101
4.3063 1.5045 -4.6416 -0.6411 -0.7618 0.0929 0.5722 0.3463
3
4.3286 1.5045 -4.5811 -0.5479 -0.7618 0.3456 0.5716 0.2834
4.3124 1.5208 -4.5709 -0.5479 -0.7618 0.3456 0.5999 0.2838
4.2874 1.5208 -4.6388 -0.6411 -0.7618 0.0929 0.6006 0.3467
3
4.2874 1.5208 -4.6388 -0.6411 -0.7618 0.0929 0.6006 0.3467
4.3063 1.5045 -4.6416 -0.6411 -0.7618 0.0929 0.5722 0.3463
4.3286 1.5045 -4.5811 -0.5479 -0.7618 0.3456 0.5716 0.2834
3
4.3736 1.5045 -4.5349 -0.3599 -0.7618 0.5386 0.5708 0.2214
4.363 1.5208 -4.519 -0.3599 -0.7618 0.5386 0.599 0.222
4.3124 1.5208 -4.5709 -0.5479 -0.7618 0.3456 0.5999 0.2838
3
4.3124 1.5208 -4.5709 -0.5479 -0.7618 0.3456 0.5999 0.2838
4.3286 1.5045 -4.5811 -0.5479 -0.7618 0.3456 0.5716 0.2834
4.3736 1.5045 -4.5349 -0.3599 -0.7618 0.5386 0.5708 0.2214
3
4.4335 1.5045 -4.511 -0.1098 -0.7618 0.6384 0.5698 0.1608
4.4303 1.5208 -4.4921 -0.1098 -0.7618 0.6384 0.5979 0.1613
4.363 1.5208 -4.519 -0.3599 -0.7618 0.5386 0.599 0.222
3
4.363 1.5208 -4.519 -0.3599 -0.7618 0.5386 0.599 0.222
4.3736 1.5045 -4.5349 -0.3599 -0.7618 0.5386 0.5708 0.2214
4.4335 1.5045 -4.511 -0.1098 -0.7618 0.6384 0.5698 0.1608
3
4.498 1.5045 -4.5135 0.1594 -0.7618 0.6279 0.5683 0.1024
4.5027 1.5208 -4.4949 0.1594 -0.7618 0.6279 0.5966 0.1015
4.4303 1.5208 -4.4921 -0.1098 -0.7618 0.6384 0.5979 0.1613
3
4.4303 1.5208 -4.4921 -0.1098 -0.7618 0.6384 0.5979 0.1613
4.4335 1.5045 -4.511 -0.1098 -0.7618 0.6384 0.5698 0.1608
4.498 1.5045 -4.5135 0.1594 -0.7618 0.6279 0.5683 0.1024
3
4.6105 2.2303 -4.4726 0.6158 -0.1019 0.7813 0.8585 0.0104
4.5197 2.2303 -4.4279 0.2448 -0.1019 0.9642 0.8604 0.0794
4.5192 2.2092 -4.43 0.2448 -0.0993 0.9645 0.8522 0.0801
3
4.5192 2.2092 -4.43 0.2448 -0.0993 0.9645 0.8522 0.0801
4.6092 2.2092 -4.4743 0.616 -0.0993 0.7815 0.8501 0.0114
4.6105 2.2303 -4.4726 0.6158 -0.1019 0.7813 0.8585 0.0104
3
4.6753 2.2303 -4.5505 0.8803 -0.1019 0.4633 0.8651 0.9305
4.6105 2.2303 -4.4726 0.6158 -0.1019 0.7813 0.8639 0.9967
4.6092 2.2092 -4.4743 0.616 -0.0993 0.7815 0.8555 0.9958
3
4.6092 2.2092 -4.4743 0.616 -0.0993 0.7815 0.8555 0.9958
4.6733 2.2092 -4.5515 0.8806 -0.0993 0.4634 0.8568 0.9298
4.6753 2.2303 -4.5505 0.8803 -0.1019 0.4633 0.8651 0.9305
3
4.7027 2.2303 -4.6479 0.9927 -0.1019 0.0652 0.8674 0.8636
4.6753 2.2303 -4.5505 0.8803 -0.1019 0.4633 0.8651 0.9305
4.6733 2.2092 -4.5515 0.8806 -0.0993 0.4634 0.8568 0.9298
3
4.6733 2.2092 -4.5515 0.8806 -0.0993 0.4634 0.8568 0.9298
4.7006 2.2092 -4.648 0.9929 -0.0993 0.0652 0.8591 0.8632
4.7027 2.2303 -4.6479 0.9927 -0.1019 0.0652 0.8674 0.8636
3
4.6882 2.2303 -4.7481 0.9333 -0.1019 -0.3442 0.8682 0.7985
4.7027 2.2303 -4.6479 0.9927 -0.1019 0.0652 0.8674 0.8636
4.7006 2.2092 -4.648 0.9929 -0.0993 0.0652 0.8591 0.8632
3
4.7006 2.2092 -4.648 0.9929 -0.0993 0.0652 0.8591 0.8632
4.6862 2.2092 -4.7473 0.9336 -0.0993 -0.3443 0.8598 0.7983
4.6882 2.2303 -4.7481 0.9333 -0.1019 -0.3442 0.8682 0.7985
3
4.6342 2.2303 -4.8337 0.7126 -0.1019 -0.6941 0.8687 0.7336
4.6882 2.2303 -4.7481 0.9333 -0.1019 -0.3442 0.8682 0.7985
4.6862 2.2092 -4.7473 0.9336 -0.0993 -0.3443 0.8598 0.7983
3
4.6862 2.2092 -4.7473 0.9336 -0.0993 -0.3443 0.8598 0.7983
4.6327 2.2092 -4.8322 0.7128 -0.0993 -0.6943 0.8603 0.7334
4.6342 2.2303 -4.8337 0.7126 -0.1019 -0.6941 0.8687 0.7336
3
4.5501 2.2303 -4.8899 0.3687 -0.1019 -0.9239 0.8689 0.6684
4.6342 2.2303 -4.8337 0.7126 -0.1019 -0.6941 0.8687 0.7336
4.6327 2.2092 -4.8322 0.7128 -0.0993 -0.6943 0.8603 0.7334
3
4.6327 2.2092 -4.8322 0.7128 -0.0993 -0.6943 0.8603 0.7334
4.5493 2.2092 -4.8879 0.3688 -0.0993 -0.9242 0.8606 0.6683
4.5501 2.2303 -4.8899 0.3687 -0.1019 -0.9239 0.8689 0.6684
3
4.4503 2.2303 -4.9071 -0.039 -0.1019 -0.994 0.869 0.603
4.5501 2.2303 -4.8899 0.3687 -0.1019 -0.9239 0.8689 0.6684
4.5493 2.2092 -4.8879 0.3688 -0.0993 -0.9242 0.8606 0.6683
3
4.5493 2.2092 -4.8879 0.3688 -0.0993 -0.9242 0.8606 0.6683
4.4504 2.2092 -4.9049 -0.039 -0.0993 -0.9943 0.8607 0.603
4.4503 2.2303 -4.9071 -0.039 -0.1019 -0.994 0.869 0.603
3
4.3522 2.2303 -4.8822 -0.4399 -0.1019 -0.8922 0.8689 0.5376
4.4503 2.2303 -4.9071 -0.039 -0.1019 -0.994 0.869 0.603
4.4504 2.2092 -4.9049 -0.039 -0.0993 -0.9943 0.8607 0.603
3
4.4504 2.2092 -4.9049 -0.039 -0.0993 -0.9943 0.8607 0.603
4.3531 2.2092 -4.8802 -0.44 -0.0993 -0.8925 0.8606 0.5376
4.3522 2.2303 -4.8822 -0.4399 -0.1019 -0.8922 0.8689 0.5376
3
4.2727 2.2303 -4.8195 -0.7648 -0.1019 -0.6362 0.8687 0.4721
4.3522 2.2303 -4.8822 -0.4399 -0.1019 -0.8922 0.8689 0.5376
4.3531 2.2092 -4.8802 -0.44 -0.0993 -0.8925 0.8606 0.5376
3
4.3531 2.2092 -4.8802 -0.44 -0.0993 -0.8925 0.8606 0.5376
4.2743 2.2092 -4.8181 -0.765 -0.0993 -0.6364 0.8603 0.4722
4.2727 2.2303 -4.8195 -0.7648 -0.1019 -0.6362 0.8687 0.4721
3
4.2255 2.2303 -4.7299 -0.9574 -0.1019 -0.2701 0.8682 0.4067
4.2727 2.2303 -4.8195 -0.7648 -0.1019 -0.6362 0.8687 0.4721
4.2743 2.2092 -4.8181 -0.765 -0.0993 -0.6364 0.8603 0.4722
3
4.2743 2.2092 -4.8181 -0.765 -0.0993 -0.6364 0.8603 0.4722
4.2276 2.2092 -4.7293 -0.9577 -0.0993 -0.2702 0.8599 0.4068
4.2255 2.2303 -4.7299 -0.9574 -0.1019 -0.2701 0.8682 0.4067
3
4.2189 2.2303 -4.6289 -0.9845 -0.1019 0.1426 0.8676 0.3413
4.2255 2.2303 -4.7299 -0.9574 -0.1019 -0.2701 0.8682 0.4067
4.2276 2.2092 -4.7293 -0.9577 -0.0993 -0.2702 0.8599 0.4068
3
4.2276 2.2092 -4.7293 -0.9577 -0.0993 -0.2702 0.8599 0.4068
4.221 2.2092 -4.6292 -0.9848 -0.0993 0.1427 0.8592 0.3415
4.2189 2.2303 -4.6289 -0.9845 -0.1019 0.1426 0.8676 0.3413
3
4.2539 2.2303 -4.5339 -0.8414 -0.1019 0.5307 0.8666 0.2763
4.2189 2.2303 -4.6289 -0.9845 -0.1019 0.1426 0.8676 0.3413
4.221 2.2092 -4.6292 -0.9848 -0.0993 0.1427 0.8592 0.3415
3
4.221 2.2092 -4.6292 -0.9848 -0.0993 0.1427 0.8592 0.3415
4.2557 2.2092 -4.5351 -0.8416 -0.0993 0.5309 0.8583 0.2766
4.2539 2.2303 -4.5339 -0.8414 -0.1019 0.5307 0.8666 0.2763
3
4.3245 2.2303 -4.4614 -0.5528 -0.1019 0.8271 0.8654 0.2113
4.2539 2.2303 -4.5339 -0.8414 -0.1019 0.5307 0.8666 0.2763
4.2557 2.2092 -4.5351 -0.8416 -0.0993 0.5309 0.8583 0.2766
3
4.2557 2.2092 -4.5351 -0.8416 -0.0993 0.5309 0.8583 0.2766
4.3257 2.2092 -4.4632 -0.5529 -0.0993 0.8273 0.857 0.2116
4.3245 2.2303 -4.4614 -0.5528 -0.1019 0.8271 0.8654 0.2113
3
4.4186 2.2303 -4.4239 -0.1686 -0.1019 0.9804 0.8637 0.1464
4.3245 2.2303 -4.4614 -0.5528 -0.1019 0.8271 0.8654 0.2113
4.3257 2.2092 -4.4632 -0.5529 -0.0993 0.8273 0.857 0.2116
3
4.3257 2.2092 -4.4632 -0.5529 -0.0993 0.8273 0.857 0.2116
4.4189 2.2092 -4.426 -0.1686 -0.0993 0.9807 0.8554 0.1468
4.4186 2.2303 -4.4239 -0.1686 -0.1019 0.9804 0.8637 0.1464
3
4.5197 2.2303 -4.4279 0.2448 -0.1019 0.9642 0.8604 0.0794
4.4186 2.2303 -4.4239 -0.1686 -0.1019 0.9804 0.8637 0.1464
4.4189 2.2092 -4.426 -0.1686 -0.0993 0.9807 0.8554 0.1468
3
4.4189 2.2092 -4.426 -0.1686 -0.0993 0.9807 0.8554 0.1468
4.5192 2.2092 -4.43 0.2448 -0.0993 0.9645 0.8522 0.0801
4.5197 2.2303 -4.4279 0.2448 -0.1019 0.9642 0.8604 0.0794
3
4.6092 2.2092 -4.4743 0.616 -0.0993 0.7815 0.8501 0.0114
4.5192 2.2092 -4.43 0.2448 -0.0993 0.9645 0.8522 0.0801
4.5038 1.563 -4.4907 0.2448 -0.0992 0.9645 0.6131 0.1001
3
4.5038 1.563 -4.4907 0.2448 -0.0992 0.9645 0.6131 0.1001
4.5704 1.563 -4.5236 0.616 -0.0992 0.7815 0.6073 0.0401
4.6092 2.2092 -4.4743 0.616 -0.0993 0.7815 0.8501 0.0114
3
4.6733 2.2092 -4.5515 0.8806 -0.0993 0.4634 0.8568 0.9298
4.6092 2.2092 -4.4743 0.616 -0.0993 0.7815 0.8555 0.9958
4.5704 1.563 -4.5236 0.616 -0.0992 0.7815 0.6127 0.9717
3
4.5704 1.563 -4.5236 0.616 -0.0992 0.7815 0.6127 0.9717
4.6178 1.563 -4.5807 0.8806 -0.0992 0.4634 0.6176 0.912
4.6733 2.2092 -4.5515 0.8806 -0.0993 0.4634 0.8568 0.9298
3
4.7006 2.2092 -4.648 0.9929 -0.0993 0.0652 0.8591 0.8632
4.6733 2.2092 -4.5515 0.8806 -0.0993 0.4634 0.8568 0.9298
4.6178 1.563 -4.5807 0.8806 -0.0992 0.4634 0.6176 0.912
3
4.6178 1.563 -4.5807 0.8806 -0.0992 0.4634 0.6176 0.912
4.638 1.563 -4.6521 0.9929 -0.0992 0.0652 0.6181 0.8518
4.7006 2.2092 -4.648 0.9929 -0.0993 0.0652 0.8591 0.8632
3
4.6862 2.2092 -4.7473 0.9336 -0.0993 -0.3443 0.8598 0.7983
4.7006 2.2092 -4.648 0.9929 -0.0993 0.0652 0.8591 0.8632
4.638 1.563 -4.6521 0.9929 -0.0992 0.0652 0.6181 0.8518
3
4.638 1.563 -4.6521 0.9929 -0.0992 0.0652 0.6181 0.8518
4.6274 1.563 -4.7256 0.9336 -0.0992 -0.3443 0.6185 0.791
4.6862 2.2092 -4.7473 0.9336 -0.0993 -0.3443 0.8598 0.7983
3
4.6327 2.2092 -4.8322 0.7128 -0.0993 -0.6943 0.8603 0.7334
4.6862 2.2092 -4.7473 0.9336 -0.0993 -0.3443 0.8598 0.7983
4.6274 1.563 -4.7256 0.9336 -0.0992 -0.3443 0.6185 0.791
3
4.6274 1.563 -4.7256 0.9336 -0.0992 -0.3443 0.6185 0.791
4.5877 1.563 -4.7884 0.7128 -0.0992 -0.6943 0.6186 0.729
4.6327 2.2092 -4.8322 0.7128 -0.0993 -0.6943 0.8603 0.7334
3
4.5493 2.2092 -4.8879 0.3688 -0.0993 -0.9242 0.8606 0.6683
4.6327 2.2092 -4.8322 0.7128 -0.0993 -0.6943 0.8603 0.7334
4.5877 1.563 -4.7884 0.7128 -0.0992 -0.6943 0.6186 0.729
3
4.5877 1.563 -4.7884 0.7128 -0.0992 -0.6943 0.6186 0.729
4.526 1.563 -4.8297 0.3688 -0.0992 -0.9242 0.6186 0.666
4.5493 2.2092 -4.8879 0.3688 -0.0993 -0.9242 0.8606 0.6683
3
4.4504 2.2092 -4.9049 -0.039 -0.0993 -0.9943 0.8607 0.603
4.5493 2.2092 -4.8879 0.3688 -0.0993 -0.9242 0.8606 0.6683
4.526 1.563 -4.8297 0.3688 -0.0992 -0.9242 0.6186 0.666
3
4.526 1.563 -4.8297 0.3688 -0.0992 -0.9242 0.6186 0.666
4.4528 1.563 -4.8423 -0.039 -0.0992 -0.9943 0.6186 0.6023
4.4504 2.2092 -4.9049 -0.039 -0.0993 -0.9943 0.8607 0.603
3
4.3531 2.2092 -4.8802 -0.44 -0.0993 -0.8925 0.8606 0.5376
4.4504 2.2092 -4.9049 -0.039 -0.0993 -0.9943 0.8607 0.603
4.4528 1.563 -4.8423 -0.039 -0.0992 -0.9943 0.6186 0.6023
3
4.4528 1.563 -4.8423 -0.039 -0.0992 -0.9943 0.6186 0.6023
4.3809 1.563 -4.824 -0.44 -0.0992 -0.8925 0.6184 0.5383
4.3531 2.2092 -4.8802 -0.44 -0.0993 -0.8925 0.8606 0.5376
3
4.2743 2.2092 -4.8181 -0.765 -0.0993 -0.6364 0.8603 0.4722
4.3531 2.2092 -4.8802 -0.44 -0.0993 -0.8925 0.8606 0.5376
4.3809 1.563 -4.824 -0.44 -0.0992 -0.8925 0.6184 0.5383
3
4.3809 1.563 -4.824 -0.44 -0.0992 -0.8925 0.6184 0.5383
4.3225 1.563 -4.778 -0.765 -0.0992 -0.6364 0.6182 0.4741
4.2743 2.2092 -4.8181 -0.765 -0.0993 -0.6364 0.8603 0.4722
3
4.2276 2.2092 -4.7293 -0.9577 -0.0993 -0.2702 0.8599 0.4068
4.2743 2.2092 -4.8181 -0.765 -0.0993 -0.6364 0.8603 0.4722
4.3225 1.563 -4.778 -0.765 -0.0992 -0.6364 0.6182 0.4741
3
4.3225 1.563 -4.778 -0.765 -0.0992 -0.6364 0.6182 0.4741
4.288 1.563 -4.7123 -0.9577 -0.0992 -0.2702 0.6178 0.41
4.2276 2.2092 -4.7293 -0.9577 -0.0993 -0.2702 0.8599 0.4068
3
4.221 2.2092 -4.6292 -0.9848 -0.0993 0.1427 0.8592 0.3415
4.2276 2.2092 -4.7293 -0.9577 -0.0993 -0.2702 0.8599 0.4068
4.288 1.563 -4.7123 -0.9577 -0.0992 -0.2702 0.6178 0.41
3
4.288 1.563 -4.7123 -0.9577 -0.0992 -0.2702 0.6178 0.41
4.2831 1.563 -4.6382 -0.9848 -0.0992 0.1427 0.6173 0.3464
4.221 2.2092 -4.6292 -0.9848 -0.0993 0.1427 0.8592 0.3415
3
4.2557 2.2092 -4.5351 -0.8416 -0.0993 0.5309 0.8583 0.2766
4.221 2.2092 -4.6292 -0.9848 -0.0993 0.1427 0.8592 0.3415
4.2831 1.563 -4.6382 -0.9848 -0.0992 0.1427 0.6173 0.3464
3
4.2831 1.563 -4.6382 -0.9848 -0.0992 0.1427 0.6173 0.3464
4.3088 1.563 -4.5686 -0.8416 -0.0992 0.5309 0.6166 0.2834
4.2557 2.2092 -4.5351 -0.8416 -0.0993 0.5309 0.8583 0.2766
3
4.3257 2.2092 -4.4632 -0.5529 -0.0993 0.8273 0.857 0.2116
4.2557 2.2092 -4.5351 -0.8416 -0.0993 0.5309 0.8583 0.2766
4.3088 1.563 -4.5686 -0.8416 -0.0992 0.5309 0.6166 0.2834
3
4.3088 1.563 -4.5686 -0.8416 -0.0992 0.5309 0.6166 0.2834
4.3606 1.563 -4.5154 -0.5529 -0.0992 0.8273 0.6157 0.2213
4.3257 2.2092 -4.4632 -0.5529 -0.0993 0.8273 0.857 0.2116
3
4.4296 1.563 -4.4878 -0.1686 -0.0992 0.9807 0.6145 0.1604
4.4189 2.2092 -4.426 -0.1686 -0.0993 0.9807 0.8554 0.1468
4.3257 2.2092 -4.4632 -0.5529 -0.0993 0.8273 0.857 0.2116
3
4.3257 2.2092 -4.4632 -0.5529 -0.0993 0.8273 0.857 0.2116
4.3606 1.563 -4.5154 -0.5529 -0.0992 0.8273 0.6157 0.2213
4.4296 1.563 -4.4878 -0.1686 -0.0992 0.9807 0.6145 0.1604
3
4.5192 2.2092 -4.43 0.2448 -0.0993 0.9645 0.8522 0.0801
4.4189 2.2092 -4.426 -0.1686 -0.0993 0.9807 0.8554 0.1468
4.4296 1.563 -4.4878 -0.1686 -0.0992 0.9807 0.6145 0.1604
3
4.4296 1.563 -4.4878 -0.1686 -0.0992 0.9807 0.6145 0.1604
4.5038 1.563 -4.4907 0.2448 -0.0992 0.9645 0.6131 0.1001
4.5192 2.2092 -4.43 0.2448 -0.0993 0.9645 0.8522 0.0801
